# File generated by CMD 3.4 (http://stev.oapd.inaf.it/cmd) on Tue Apr 13 07:45:07 CEST 2021
# isochrones based on PARSEC release v1.2S +  COLIBRI S_37 + S_35 + PR16
# Basic references: Bressan et al. (2012), MNRAS, 427, 127 + Chen et al. (2014, 2015), MNRAS, 444, 2525 + MNRAS, 452, 1068 + Tang et al. (2014), MNRAS, 445, 4287 + Marigo et al. (2017), ApJ, 835, 77 + Pastorelli al. (2019), MNRAS, 485, 5666 + Pastorelli al. (2020), MNRAS, in press
# Thermal pulse cycles included 
# On RGB, assumed Reimers mass loss with efficiency eta=0.2
# LPV periods and growth rates added cf. Trabucchi et al. (2019)
# Photometric system: <i>UBVRIJHK</i> (cf. Maiz-Apellaniz 2006 + Bessell 1990)
# Using YBC version of bolometric corrections as in Chen et al. (2019)
# O-rich circumstellar dpmod60alox40 dust from Groenewegen (2006)
# C-rich circumstellar AMCSIC15 dust from Groenewegen (2006)
# IMF: Kroupa (2001, 2002) + Kroupa et al. (2013) canonical two-part-power law IMF corrected for unresolved binaries 
# Kind of output: isochrone tables
# Zini     MH   logAge Mini        int_IMF         Mass   logL    logTe  logg  label   McoreTP C_O  period0  period1  period2  period3  period4  pmode  Mloss  tau1m   X   Y   Xc  Xn  Xo  Cexcess  Z 	 mbolmag  Umag    Bmag    Vmag    Rmag    Imag    Jmag    Hmag    Kmag
0.0152 0.01508 7.60206 0.0900000036 1.0816895962    0.090 -2.472  3.4039  4.432    0  0.000  0.545     0.00     0.00     0.00     0.00     0.00 -1  -8.7e-16      0.00 7.092e-01 2.755e-01 2.746e-03 7.408e-04 6.719e-03 -1.000 1.527e-02 10.950 18.872 17.053 15.470 13.534 11.384 8.894 8.308 7.949
0.0152 0.01508 7.60206 0.0934586823 1.1140182018    0.093 -2.447  3.4068  4.435    0  0.000  0.545     0.00     0.00     0.00     0.00     0.00 -1 -9.01e-16      0.00 7.092e-01 2.755e-01 2.746e-03 7.408e-04 6.719e-03 -1.000 1.527e-02 10.887 18.814 16.992 15.408 13.471 11.321 8.831 8.245 7.886
0.0152 0.01508 7.60206 0.1000000015 1.1711064577    0.100 -2.399  3.4124  4.439    0  0.000  0.545     0.00     0.00     0.00     0.00     0.00 -1 -9.69e-16      0.00 7.092e-01 2.755e-01 2.746e-03 7.408e-04 6.719e-03 -1.000 1.527e-02 10.768 18.700 16.874 15.290 13.352 11.201 8.711 8.125 7.766
0.0152 0.01508 7.60206 0.1073536128 1.2297534943    0.107 -2.351  3.4179  4.443    0  0.000  0.545     0.00     0.00     0.00     0.00     0.00 -1 -1.04e-15      0.00 7.092e-01 2.755e-01 2.746e-03 7.408e-04 6.719e-03 -1.000 1.527e-02 10.648 18.520 16.706 15.123 13.200 11.060 8.594 8.008 7.650
0.0152 0.01508 7.60206 0.1200000122 1.3193155527    0.120 -2.273  3.4269  4.450    0  0.000  0.545     0.00     0.00     0.00     0.00     0.00 -1 -1.17e-15      0.00 7.092e-01 2.755e-01 2.746e-03 7.408e-04 6.719e-03 -1.000 1.527e-02 10.453 17.965 16.233 14.662 12.824 10.749 8.416 7.827 7.475
0.0152 0.01508 7.60206 0.1400000006 1.4384527206    0.140 -2.167  3.4390  4.459    0  0.000  0.545     0.00     0.00     0.00     0.00     0.00 -1 -1.36e-15      0.00 7.092e-01 2.755e-01 2.746e-03 7.408e-04 6.719e-03 -1.000 1.527e-02 10.189 17.209 15.583 14.040 12.316 10.331 8.176 7.584 7.242
0.0152 0.01508 7.60206 0.1599999964 1.5372931957    0.160 -2.079  3.4489  4.468    0  0.000  0.545     0.00     0.00     0.00     0.00     0.00 -1 -1.55e-15      0.00 7.092e-01 2.755e-01 2.746e-03 7.408e-04 6.719e-03 -1.000 1.527e-02 9.966 16.613 15.063 13.542 11.906 9.994 7.974 7.379 7.046
0.0152 0.01508 7.60206 0.2175460905 1.7502229214    0.218 -1.877  3.4705  4.487    0  0.000  0.545     0.00     0.00     0.00     0.00     0.00 -1 -2.07e-15      0.00 7.092e-01 2.755e-01 2.746e-03 7.408e-04 6.719e-03 -1.000 1.527e-02 9.463 15.393 13.971 12.481 11.023 9.280 7.517 6.914 6.605
0.0152 0.01508 7.60206 0.2457301319 1.8293658495    0.246 -1.798  3.4786  4.493    0  0.000  0.545     0.00     0.00     0.00     0.00     0.00 -1 -2.31e-15      0.00 7.092e-01 2.755e-01 2.746e-03 7.408e-04 6.719e-03 -1.000 1.527e-02 9.266 14.957 13.572 12.093 10.695 9.017 7.337 6.731 6.431
0.0152 0.01508 7.60206 0.2696372569 1.8877695799    0.270 -1.740  3.4846  4.499    0  0.000  0.545     0.00     0.00     0.00     0.00     0.00 -1  -2.5e-15      0.00 7.092e-01 2.755e-01 2.746e-03 7.408e-04 6.719e-03 -1.000 1.527e-02 9.119 14.647 13.281 11.805 10.447 8.824 7.206 6.596 6.303
0.0152 0.01508 7.60206 0.2792747319 1.9094403982    0.279 -1.718  3.4869  4.501    0  0.000  0.545     0.00     0.00     0.00     0.00     0.00 -1 -2.58e-15      0.00 7.092e-01 2.755e-01 2.746e-03 7.408e-04 6.719e-03 -1.000 1.527e-02 9.065 14.532 13.173 11.696 10.354 8.753 7.158 6.546 6.256
0.0152 0.01508 7.60206 0.2907268703 1.9339611530    0.291 -1.691  3.4895  4.502    0  0.000  0.545     0.00     0.00     0.00     0.00     0.00 -1 -2.69e-15      0.00 7.092e-01 2.755e-01 2.746e-03 7.408e-04 6.719e-03 -1.000 1.527e-02 8.997 14.393 13.043 11.567 10.242 8.666 7.097 6.484 6.197
0.0152 0.01508 7.60206 0.3000000119 1.9529139996    0.300 -1.670  3.4916  4.504    0  0.000  0.545     0.00     0.00     0.00     0.00     0.00 -1 -2.78e-15      0.00 7.092e-01 2.755e-01 2.746e-03 7.408e-04 6.719e-03 -1.000 1.527e-02 8.946 14.292 12.948 11.475 10.163 8.601 7.050 6.435 6.151
0.0152 0.01508 7.60206 0.3125457168 1.9773768187    0.312 -1.644  3.4941  4.506    0  0.000  0.545     0.00     0.00     0.00     0.00     0.00 -1 -2.88e-15      0.00 7.092e-01 2.755e-01 2.746e-03 7.408e-04 6.719e-03 -1.000 1.527e-02 8.881 14.171 12.833 11.365 10.067 8.522 6.991 6.374 6.093
0.0152 0.01508 7.60206 0.3500000238 2.0434176922    0.350 -1.572  3.5011  4.511    0  0.000  0.545     0.00     0.00     0.00     0.00     0.00 -1  -3.2e-15      0.00 7.092e-01 2.755e-01 2.746e-03 7.408e-04 6.719e-03 -1.000 1.527e-02 8.701 13.836 12.515 11.063 9.804 8.303 6.826 6.204 5.931
0.0152 0.01508 7.60206 0.3775706887 2.0864226818    0.378 -1.523  3.5061  4.514    0  0.000  0.545     0.00     0.00     0.00     0.00     0.00 -1 -3.44e-15      0.00 7.092e-01 2.755e-01 2.746e-03 7.408e-04 6.719e-03 -1.000 1.527e-02 8.577 13.611 12.299 10.856 9.623 8.154 6.713 6.087 5.820
0.0152 0.01508 7.60206 0.4000000358 2.1185026169    0.400 -1.485  3.5099  4.517    0  0.000  0.545     0.00     0.00     0.00     0.00     0.00 -1 -3.63e-15      0.00 7.092e-01 2.755e-01 2.746e-03 7.408e-04 6.719e-03 -1.000 1.527e-02 8.482 13.441 12.135 10.700 9.487 8.041 6.627 5.997 5.735
0.0152 0.01508 7.60206 0.4500000477 2.1822810173    0.450 -1.400  3.5188  4.518    0  0.000  0.545     0.00     0.00     0.00     0.00     0.00 -1 -4.16e-15      0.00 7.092e-01 2.755e-01 2.746e-03 7.408e-04 6.719e-03 -1.000 1.527e-02 8.270 13.072 11.774 10.351 9.179 7.790 6.436 5.797 5.544
0.0152 0.01508 7.60206 0.4770605266 2.2130758762    0.477 -1.356  3.5239  4.520    0  0.000  0.545     0.00     0.00     0.00     0.00     0.00 -1 -4.46e-15      0.00 7.092e-01 2.755e-01 2.746e-03 7.408e-04 6.719e-03 -1.000 1.527e-02 8.159 12.878 11.582 10.164 9.015 7.659 6.338 5.694 5.445
0.0152 0.01508 7.60206 0.5000000000 2.2374541759    0.500 -1.320  3.5278  4.520    0  0.000  0.545     0.00     0.00     0.00     0.00     0.00 -1 -4.73e-15      0.00 7.092e-01 2.755e-01 2.746e-03 7.408e-04 6.719e-03 -1.000 1.527e-02 8.070 12.729 11.432 10.019 8.887 7.556 6.259 5.611 5.365
0.0152 0.01508 7.60206 0.5125037432 2.2499830723    0.512 -1.301  3.5302  4.521    0  0.000  0.545     0.00     0.00     0.00     0.00     0.00 -1 -4.88e-15      0.00 7.092e-01 2.755e-01 2.746e-03 7.408e-04 6.719e-03 -1.000 1.527e-02 8.022 12.643 11.346 9.936 8.814 7.499 6.217 5.567 5.323
0.0152 0.01508 7.60206 0.5478197336 2.2818450928    0.547 -1.239  3.5371  4.516    0  0.000  0.545     0.00     0.00     0.00     0.00     0.00 -1 -5.47e-15      0.00 7.092e-01 2.755e-01 2.746e-03 7.408e-04 6.719e-03 -1.000 1.527e-02 7.868 12.390 11.090 9.690 8.594 7.322 6.080 5.423 5.185
0.0152 0.01508 7.60206 0.5500000119 2.2836582661    0.550 -1.235  3.5376  4.516    0  0.000  0.545     0.00     0.00     0.00     0.00     0.00 -1 -5.51e-15      0.00 7.092e-01 2.755e-01 2.746e-03 7.408e-04 6.719e-03 -1.000 1.527e-02 7.858 12.375 11.074 9.674 8.581 7.310 6.071 5.414 5.177
0.0152 0.01508 7.60206 0.5688200593 2.2986493111    0.569 -1.203  3.5419  4.515    0  0.000  0.545     0.00     0.00     0.00     0.00     0.00 -1 -5.84e-15      0.00 7.092e-01 2.755e-01 2.746e-03 7.408e-04 6.719e-03 -1.000 1.527e-02 7.777 12.237 10.932 9.537 8.459 7.216 6.001 5.341 5.107
0.0152 0.01508 7.60206 0.6000000238 2.3211214542    0.600 -1.139  3.5501  4.507    0  0.000  0.545     0.00     0.00     0.00     0.00     0.00 -1 -6.64e-15      0.00 7.092e-01 2.755e-01 2.746e-03 7.408e-04 6.719e-03 -1.000 1.527e-02 7.617 11.974 10.659 9.271 8.222 7.033 5.863 5.195 4.968
0.0152 0.01508 7.60206 0.6194635630 2.3338379860    0.619 -1.102  3.5560  4.508    0  0.000  0.545     0.00     0.00     0.00     0.00     0.00 -1 -7.09e-15      0.00 7.092e-01 2.755e-01 2.746e-03 7.408e-04 6.719e-03 -1.000 1.527e-02 7.526 11.815 10.489 9.103 8.073 6.927 5.788 5.115 4.894
0.0152 0.01508 7.60206 0.6356652379 2.3437433243    0.636 -1.069  3.5614  4.508    0  0.000  0.545     0.00     0.00     0.00     0.00     0.00 -1 -7.53e-15      0.00 7.092e-01 2.755e-01 2.746e-03 7.408e-04 6.719e-03 -1.000 1.527e-02 7.441 11.670 10.333 8.949 7.936 6.829 5.719 5.042 4.826
0.0152 0.01508 7.60206 0.6499999762 2.3520355225    0.650 -1.032  3.5673  4.504    0  0.000  0.545     0.00     0.00     0.00     0.00     0.00 -1 -8.13e-15      0.00 7.092e-01 2.755e-01 2.746e-03 7.408e-04 6.718e-03 -1.000 1.527e-02 7.349 11.516 10.166 8.784 7.788 6.724 5.643 4.961 4.751
0.0152 0.01508 7.60206 0.6581249833 2.3565514088    0.658 -1.011  3.5711  4.503    0  0.000  0.545     0.00     0.00     0.00     0.00     0.00 -1 -8.49e-15      0.00 7.092e-01 2.755e-01 2.746e-03 7.408e-04 6.718e-03 -1.000 1.527e-02 7.296 11.424 10.066 8.685 7.700 6.663 5.601 4.915 4.710
0.0152 0.01508 7.60206 0.6924126148 2.3742737770    0.693 -0.910  3.5901  4.501    0  0.000  0.545     0.00     0.00     0.00     0.00     0.00 -1 -1.04e-14      0.00 7.092e-01 2.755e-01 2.746e-03 7.408e-04 6.718e-03 -1.000 1.527e-02 7.045 10.989 9.591 8.229 7.290 6.383 5.401 4.697 4.520
0.0152 0.01508 7.60206 0.7000000477 2.3779268265    0.700 -0.885  3.5951  4.500    0  0.000  0.545     0.00     0.00     0.00     0.00     0.00 -1  -1.1e-14      0.00 7.092e-01 2.755e-01 2.746e-03 7.408e-04 6.718e-03 -1.000 1.527e-02 6.982 10.880 9.471 8.118 7.191 6.315 5.349 4.643 4.474
0.0152 0.01508 7.60206 0.7162392735 2.3854470253    0.716 -0.813  3.6173  4.527    0  0.000  0.542     0.00     0.00     0.00     0.00     0.00 -1 -1.24e-14      0.00 7.092e-01 2.755e-01 2.734e-03 7.405e-04 6.719e-03 -1.000 1.527e-02 6.802 10.474 9.029 7.733 6.859 6.111 5.220 4.517 4.382
0.0152 0.01508 7.60206 0.7332742214 2.3929252625    0.733 -0.737  3.6396  4.551    0  0.000  0.540     0.00     0.00     0.00     0.00     0.00 -1 -1.42e-14      0.00 7.092e-01 2.755e-01 2.721e-03 7.401e-04 6.719e-03 -1.000 1.527e-02 6.613 9.959 8.545 7.339 6.529 5.906 5.087 4.408 4.304
0.0152 0.01508 7.60206 0.7466819882 2.3985359669    0.747 -0.677  3.6562  4.565    0  0.000  0.538     0.00     0.00     0.00     0.00     0.00 -1 -1.59e-14      0.00 7.092e-01 2.755e-01 2.712e-03 7.399e-04 6.719e-03 -1.000 1.527e-02 6.462 9.444 8.170 7.043 6.290 5.743 4.984 4.350 4.259
0.0152 0.01508 7.60206 0.7500000000 2.3998889923    0.750 -0.662  3.6602  4.568    0  0.000  0.538     0.00     0.00     0.00     0.00     0.00 -1 -1.64e-14      0.00 7.092e-01 2.755e-01 2.709e-03 7.398e-04 6.719e-03 -1.000 1.527e-02 6.425 9.312 8.080 6.972 6.235 5.702 4.958 4.337 4.249
0.0152 0.01508 7.60206 0.7670024633 2.4066112041    0.767 -0.603  3.6703  4.559    0  0.000  0.538     0.00     0.00     0.00     0.00     0.00 -1 -1.87e-14      0.00 7.092e-01 2.755e-01 2.709e-03 7.398e-04 6.719e-03 -1.000 1.527e-02 6.277 8.930 7.802 6.745 6.049 5.548 4.840 4.251 4.169
0.0152 0.01508 7.60206 0.7910925150 2.4155690670    0.791 -0.518  3.6856  4.549    0  0.000  0.538     0.00     0.00     0.00     0.00     0.00 -1 -2.27e-14      0.00 7.092e-01 2.755e-01 2.709e-03 7.398e-04 6.719e-03 -1.000 1.527e-02 6.066 8.375 7.413 6.428 5.793 5.330 4.677 4.139 4.064
0.0152 0.01508 7.60206 0.8000000119 2.4187245369    0.800 -0.488  3.6913  4.546    0  0.000  0.538     0.00     0.00     0.00     0.00     0.00 -1 -2.43e-14      0.00 7.092e-01 2.755e-01 2.709e-03 7.398e-04 6.719e-03 -1.000 1.527e-02 5.989 8.182 7.276 6.317 5.702 5.252 4.618 4.097 4.025
0.0152 0.01508 7.60206 0.8200746775 2.4255480766    0.820 -0.420  3.7040  4.540    0  0.000  0.538     0.00     0.00     0.00     0.00     0.00 -1 -2.83e-14      0.00 7.092e-01 2.755e-01 2.709e-03 7.398e-04 6.719e-03 -1.000 1.527e-02 5.821 7.755 6.983 6.078 5.509 5.085 4.494 4.011 3.944
0.0152 0.01508 7.60206 0.8287867904 2.4283912182    0.828 -0.392  3.7095  4.538    0  0.000  0.538     0.00     0.00     0.00     0.00     0.00 -1 -3.01e-14      0.00 7.092e-01 2.755e-01 2.709e-03 7.398e-04 6.719e-03 -1.000 1.527e-02 5.749 7.580 6.863 5.980 5.429 5.014 4.442 3.975 3.911
0.0152 0.01508 7.60206 0.8500000238 2.4350347519    0.850 -0.343  3.7189  4.538    0  0.000  0.538     0.00     0.00     0.00     0.00     0.00 -1 -3.33e-14      0.00 7.092e-01 2.755e-01 2.709e-03 7.398e-04 6.719e-03 -1.000 1.526e-02 5.629 7.285 6.662 5.816 5.295 4.898 4.356 3.915 3.855
0.0152 0.01508 7.60206 0.8944975138 2.4478006363    0.894 -0.261  3.7362  4.547    0  0.000  0.538     0.00     0.00     0.00     0.00     0.00 -1 -3.91e-14      0.00 7.092e-01 2.755e-01 2.709e-03 7.397e-04 6.718e-03 -1.000 1.526e-02 5.423 6.791 6.326 5.547 5.073 4.704 4.216 3.821 3.767
0.0152 0.01508 7.60206 0.9000000358 2.4492788315    0.899 -0.254  3.7377  4.549    0  0.000  0.538     0.00     0.00     0.00     0.00     0.00 -1 -3.96e-14      0.00 7.092e-01 2.755e-01 2.709e-03 7.397e-04 6.718e-03 -1.000 1.527e-02 5.406 6.750 6.298 5.525 5.055 4.689 4.205 3.814 3.761
0.0152 0.01508 7.60206 0.9204960465 2.4546060562    0.920 -0.231  3.7427  4.556    0  0.000  0.538     0.00     0.00     0.00     0.00     0.00 -1  -4.1e-14      0.00 7.092e-01 2.755e-01 2.709e-03 7.397e-04 6.718e-03 -1.000 1.527e-02 5.348 6.607 6.204 5.450 4.995 4.637 4.169 3.790 3.739
0.0152 0.01508 7.60206 0.9500000477 2.4618122578    0.950 -0.193  3.7492  4.557    0  0.000  0.538     0.00     0.00     0.00     0.00     0.00 -1  -4.4e-14      0.00 7.093e-01 2.755e-01 2.709e-03 7.396e-04 6.718e-03 -1.000 1.527e-02 5.252 6.398 6.062 5.335 4.899 4.551 4.101 3.738 3.690
0.0152 0.01508 7.60206 0.9704274535 2.4665076733    0.970 -0.169  3.7529  4.558    0  0.000  0.538     0.00     0.00     0.00     0.00     0.00 -1 -4.59e-14      0.00 7.093e-01 2.754e-01 2.709e-03 7.396e-04 6.718e-03 -1.000 1.527e-02 5.194 6.280 5.980 5.268 4.842 4.499 4.060 3.704 3.659
0.0152 0.01508 7.60206 1.0000000000 2.4729156494    1.000 -0.124  3.7588  4.550    0  0.000  0.538     0.00     0.00     0.00     0.00     0.00 -1 -5.05e-14      0.00 7.093e-01 2.754e-01 2.709e-03 7.396e-04 6.718e-03 -1.000 1.527e-02 5.080 6.075 5.828 5.141 4.730 4.397 3.973 3.631 3.588
0.0152 0.01508 7.60206 1.0233886242 2.4776830673    1.023 -0.088  3.7631  4.541    0  0.000  0.538     0.00     0.00     0.00     0.00     0.00 -1 -5.28e-14      0.00 7.093e-01 2.754e-01 2.708e-03 7.395e-04 6.717e-03 -1.000 1.527e-02 4.990 5.922 5.711 5.042 4.642 4.316 3.903 3.571 3.530
0.0152 0.01508 7.60206 1.0499999523 2.4828116894    1.050 -0.037  3.7692  4.525    0  0.000  0.538     0.00     0.00     0.00     0.00     0.00 -1 -5.74e-14      0.00 7.093e-01 2.754e-01 2.708e-03 7.395e-04 6.717e-03 -1.000 1.527e-02 4.862 5.707 5.545 4.902 4.518 4.201 3.805 3.486 3.448
0.0152 0.01508 7.60206 1.1000000238 2.4916803837    1.099  0.059  3.7798  4.492    0  0.000  0.538     0.00     0.00     0.00     0.00     0.00 -1  -6.7e-14      0.00 7.094e-01 2.753e-01 2.708e-03 7.393e-04 6.715e-03 -1.000 1.527e-02 4.623 5.328 5.241 4.645 4.288 3.988 3.620 3.323 3.290
0.0152 0.01508 7.60206 1.1221781969 2.4953243732    1.121  0.101  3.7844  4.476    0  0.000  0.538     0.00     0.00     0.00     0.00     0.00 -1 -7.15e-14      0.00 7.094e-01 2.753e-01 2.707e-03 7.393e-04 6.714e-03 -1.000 1.527e-02 4.516 5.172 5.109 4.533 4.186 3.894 3.536 3.248 3.218
0.0152 0.01508 7.60206 1.1499999762 2.4996678829    1.149  0.154  3.7903  4.458    0  0.000  0.538     0.00     0.00     0.00     0.00     0.00 -1 -7.75e-14      0.00 7.095e-01 2.753e-01 2.707e-03 7.391e-04 6.713e-03 -1.000 1.524e-02 4.386 4.979 4.947 4.395 4.062 3.779 3.436 3.160 3.132
0.0152 0.01508 7.60206 1.2000000477 2.5068950653    1.200  0.249  3.8010  4.424    0  0.000  0.538     0.00     0.00     0.00     0.00     0.00 -1 -8.89e-14      0.00 7.095e-01 2.752e-01 2.707e-03 7.390e-04 6.712e-03 -1.000 1.527e-02 4.148 4.643 4.653 4.148 3.839 3.573 3.255 3.000 2.976
0.0152 0.01508 7.60206 1.2500000000 2.5134611130    1.250  0.341  3.8116  4.393    0  0.000  0.538     0.00     0.00     0.00     0.00     0.00 -1    -1e-13      0.00 7.096e-01 2.752e-01 2.707e-03 7.390e-04 6.712e-03 -1.000 1.527e-02 3.918 4.332 4.372 3.911 3.625 3.375 3.082 2.847 2.827
0.0152 0.01508 7.60206 1.2654309273 2.5153675079    1.265  0.369  3.8152  4.384    0  0.000  0.538     0.00     0.00     0.00     0.00     0.00 -1 -1.04e-13      0.00 7.096e-01 2.752e-01 2.707e-03 7.390e-04 6.712e-03 -1.000 1.527e-02 3.848 4.241 4.286 3.837 3.559 3.315 3.030 2.802 2.783
0.0152 0.01508 7.60206 1.2999999523 2.5194499493    1.300  0.425  3.8215  4.365    0  0.000  0.538     0.00     0.00     0.00     0.00     0.00 -1  -1.1e-13      0.00 7.096e-01 2.751e-01 2.706e-03 7.389e-04 6.712e-03 -1.000 1.527e-02 3.708 4.069 4.119 3.693 3.426 3.193 2.923 2.708 2.690
0.0152 0.01508 7.60206 1.3500001431 2.5249314308    1.350  0.502  3.8310  4.342    0  0.000  0.538     0.00     0.00     0.00     0.00     0.00 -1 -1.16e-13      0.00 7.097e-01 2.751e-01 2.706e-03 7.389e-04 6.711e-03 -1.000 1.522e-02 3.515 3.833 3.886 3.493 3.245 3.027 2.779 2.583 2.567
0.0152 0.01508 7.60206 1.4000000954 2.5299651623    1.400  0.575  3.8407  4.324    0  0.000  0.538     0.00     0.00     0.00     0.00     0.00 -1 -1.18e-13      0.00 7.097e-01 2.751e-01 2.706e-03 7.389e-04 6.711e-03 -1.000 1.520e-02 3.332 3.618 3.667 3.305 3.075 2.874 2.647 2.470 2.456
0.0152 0.01508 7.60206 1.4500000477 2.5346016884    1.450  0.643  3.8515  4.315    0  0.000  0.538     0.00     0.00     0.00     0.00     0.00 -1 -1.14e-13      0.00 7.097e-01 2.751e-01 2.706e-03 7.388e-04 6.711e-03 -1.000 1.526e-02 3.163 3.418 3.461 3.130 2.922 2.739 2.537 2.380 2.367
0.0152 0.01508 7.60206 1.5000000000 2.5388846397    1.500  0.708  3.8636  4.313    0  0.000  0.538     0.00     0.00     0.00     0.00     0.00 -1 -1.05e-13      0.00 7.097e-01 2.750e-01 2.705e-03 7.388e-04 6.710e-03 -1.000 1.526e-02 3.000 3.228 3.259 2.962 2.778 2.617 2.440 2.307 2.295
0.0152 0.01508 7.60206 1.5500001907 2.5428512096    1.550  0.770  3.8769  4.318    0  0.000  0.538     0.00     0.00     0.00     0.00     0.00 -1 -8.88e-14      0.00 7.097e-01 2.750e-01 2.705e-03 7.387e-04 6.710e-03 -1.000 1.526e-02 2.844 3.051 3.066 2.803 2.645 2.508 2.359 2.249 2.239
0.0152 0.01508 7.60206 1.6000000238 2.5465342999    1.600  0.831  3.8902  4.324    0  0.000  0.538     0.00     0.00     0.00     0.00     0.00 -1 -6.66e-14      0.00 7.098e-01 2.750e-01 2.705e-03 7.386e-04 6.709e-03 -1.000 1.526e-02 2.693 2.881 2.880 2.651 2.519 2.405 2.284 2.196 2.187
0.0152 0.01508 7.60206 1.6500000954 2.5499615669    1.649  0.888  3.9027  4.330    0  0.000  0.538     0.00     0.00     0.00     0.00     0.00 -1 -3.72e-14      0.00 7.098e-01 2.749e-01 2.705e-03 7.386e-04 6.708e-03 -1.000 1.525e-02 2.550 2.725 2.709 2.512 2.404 2.313 2.215 2.147 2.139
0.0152 0.01508 7.60206 1.7000000477 2.5531582832    1.699  0.944  3.9146  4.335    0  0.000  0.538     0.00     0.00     0.00     0.00     0.00 -1    -1e-30      0.00 7.098e-01 2.749e-01 2.705e-03 7.385e-04 6.708e-03 -1.000 1.525e-02 2.411 2.575 2.546 2.381 2.296 2.226 2.149 2.098 2.091
0.0152 0.01508 7.60206 1.7500000000 2.5561456680    1.749  0.997  3.9260  4.339    0  0.000  0.538     0.00     0.00     0.00     0.00     0.00 -1    -1e-30      0.00 7.098e-01 2.749e-01 2.704e-03 7.385e-04 6.708e-03 -1.000 1.526e-02 2.277 2.432 2.395 2.261 2.197 2.144 2.087 2.049 2.043
0.0152 0.01508 7.60206 1.8000000715 2.5589430332    1.799  1.049  3.9367  4.343    0  0.000  0.538     0.00     0.00     0.00     0.00     0.00 -1    -1e-30      0.00 7.099e-01 2.749e-01 2.704e-03 7.384e-04 6.707e-03 -1.000 1.524e-02 2.147 2.294 2.256 2.151 2.105 2.067 2.027 2.000 1.995
0.0152 0.01508 7.60206 1.8500000238 2.5615673065    1.849  1.098  3.9467  4.346    0  0.000  0.538     0.00     0.00     0.00     0.00     0.00 -1    -1e-30      0.00 7.099e-01 2.749e-01 2.704e-03 7.384e-04 6.707e-03 -1.000 1.524e-02 2.025 2.164 2.135 2.053 2.021 1.995 1.970 1.953 1.949
0.0152 0.01508 7.60206 1.9000000954 2.5640332699    1.899  1.146  3.9562  4.348    0  0.000  0.538     0.00     0.00     0.00     0.00     0.00 -1    -1e-30      0.00 7.099e-01 2.749e-01 2.704e-03 7.383e-04 6.706e-03 -1.000 1.524e-02 1.906 2.038 2.023 1.961 1.941 1.926 1.914 1.904 1.902
0.0152 0.01508 7.60206 1.9500001669 2.5663545132    1.950  1.192  3.9655  4.350    0  0.000  0.538     0.00     0.00     0.00     0.00     0.00 -1    -1e-30      0.00 7.099e-01 2.748e-01 2.704e-03 7.383e-04 6.706e-03 -1.000 1.523e-02 1.790 1.918 1.920 1.876 1.866 1.860 1.860 1.857 1.856
0.0152 0.01508 7.60206 2.0000000000 2.5685424805    2.000  1.237  3.9742  4.351    1  0.000  0.538     0.00     0.00     0.00     0.00     0.00 -1    -1e-30      0.00 7.099e-01 2.748e-01 2.704e-03 7.383e-04 6.706e-03 -1.000 1.527e-02 1.678 1.805 1.826 1.798 1.795 1.797 1.808 1.810 1.811
0.0152 0.01508 7.60206 2.0499999523 2.5706083775    2.050  1.280  3.9825  4.351    1  0.000  0.538     0.00     0.00     0.00     0.00     0.00 -1    -1e-30      0.00 7.100e-01 2.748e-01 2.704e-03 7.382e-04 6.705e-03 -1.000 1.525e-02 1.570 1.698 1.738 1.724 1.728 1.736 1.757 1.763 1.767
0.0152 0.01508 7.60206 2.0999999046 2.5725615025    2.099  1.322  3.9904  4.351    1  0.000  0.538     0.00     0.00     0.00     0.00     0.00 -1    -1e-30      0.00 7.100e-01 2.748e-01 2.703e-03 7.382e-04 6.705e-03 -1.000 1.522e-02 1.464 1.594 1.654 1.652 1.662 1.676 1.706 1.716 1.721
0.0152 0.01508 7.60206 2.1500000954 2.5744106770    2.149  1.364  3.9981  4.351    1  0.000  0.538     0.00     0.00     0.00     0.00     0.00 -1    -1e-30      0.00 7.100e-01 2.748e-01 2.703e-03 7.382e-04 6.705e-03 -1.000 1.523e-02 1.361 1.495 1.575 1.585 1.599 1.618 1.658 1.671 1.678
0.0152 0.01508 7.60206 2.2000000477 2.5761635303    2.199  1.404  4.0054  4.350    1  0.000  0.538     0.00     0.00     0.00     0.00     0.00 -1    -1e-30      0.00 7.100e-01 2.747e-01 2.704e-03 7.381e-04 6.705e-03 -1.000 1.527e-02 1.261 1.398 1.499 1.519 1.537 1.560 1.608 1.624 1.633
0.0152 0.01508 7.60206 2.2500000000 2.5778269768    2.249  1.443  4.0125  4.349    1  0.000  0.538     0.00     0.00     0.00     0.00     0.00 -1    -1e-30      0.00 7.100e-01 2.748e-01 2.703e-03 7.381e-04 6.704e-03 -1.000 1.526e-02 1.163 1.305 1.427 1.456 1.478 1.505 1.560 1.579 1.591
0.0152 0.01508 7.60206 2.2999999523 2.5794074535    2.299  1.481  4.0193  4.348    1  0.000  0.538     0.00     0.00     0.00     0.00     0.00 -1    -1e-30      0.00 7.100e-01 2.747e-01 2.703e-03 7.381e-04 6.704e-03 -1.000 1.526e-02 1.068 1.214 1.356 1.394 1.419 1.450 1.512 1.534 1.547
0.0152 0.01508 7.60206 2.4000000954 2.5823426247    2.399  1.554  4.0321  4.345    1  0.000  0.538     0.00     0.00     0.00     0.00     0.00 -1    -1e-30      0.00 7.100e-01 2.747e-01 2.703e-03 7.381e-04 6.704e-03 -1.000 1.523e-02 0.885 1.043 1.224 1.276 1.305 1.342 1.418 1.444 1.461
0.0152 0.01508 7.60206 2.4310631752 2.5831978321    2.430  1.576  4.0359  4.343    1  0.000  0.538     0.00     0.00     0.00     0.00     0.00 -1    -1e-30      0.00 7.099e-01 2.748e-01 2.704e-03 7.383e-04 6.706e-03 -1.000 1.523e-02 0.831 0.991 1.185 1.240 1.270 1.309 1.390 1.417 1.435
0.0152 0.01508 7.60206 2.5999999046 2.5874414444    2.600  1.691  4.0555  4.336    1  0.000  0.538     0.00     0.00     0.00     0.00     0.00 -1    -1e-30      0.00 7.092e-01 2.755e-01 2.710e-03 7.399e-04 6.720e-03 -1.000 1.527e-02 0.542 0.724 0.979 1.052 1.088 1.136 1.236 1.269 1.292
0.0152 0.01508 7.60206 2.8000001907 2.5917119980    2.800  1.819  4.0766  4.325    1  0.000  0.538     0.00     0.00     0.00     0.00     0.00 -1    -1e-30      0.00 7.092e-01 2.755e-01 2.710e-03 7.399e-04 6.720e-03 -1.000 1.527e-02 0.223 0.435 0.757 0.844 0.886 0.941 1.062 1.100 1.129
0.0152 0.01508 7.60206 3.0000000000 2.5953342915    3.000  1.937  4.0956  4.313    1  0.000  0.538     0.00     0.00     0.00     0.00     0.00 -1    -1e-30      0.00 7.092e-01 2.755e-01 2.710e-03 7.399e-04 6.720e-03 -1.000 1.527e-02 -0.072 0.172 0.552 0.652 0.697 0.759 0.897 0.940 0.973
0.0152 0.01508 7.60206 3.1898968220 2.5982947350    3.189  2.042  4.1122  4.300    1  0.000  0.538     0.00     0.00     0.00     0.00     0.00 -1    -1e-30      0.00 7.092e-01 2.755e-01 2.710e-03 7.399e-04 6.720e-03 -1.000 1.527e-02 -0.336 -0.057 0.371 0.480 0.529 0.596 0.749 0.796 0.832
0.0152 0.01508 7.60206 3.2000000477 2.5984411240    3.199  2.048  4.1131  4.300    1  0.000  0.538     0.00     0.00     0.00     0.00     0.00 -1    -1e-30      0.00 7.092e-01 2.755e-01 2.710e-03 7.399e-04 6.720e-03 -1.000 1.527e-02 -0.349 -0.069 0.362 0.471 0.521 0.588 0.741 0.788 0.825
0.0152 0.01508 7.60206 3.3552336693 2.6005611420    3.354  2.129  4.1257  4.289    1  0.000  0.538     0.00     0.00     0.00     0.00     0.00 -1    -1e-30      0.00 7.092e-01 2.755e-01 2.710e-03 7.399e-04 6.720e-03 -1.000 1.527e-02 -0.553 -0.242 0.222 0.339 0.391 0.462 0.626 0.676 0.715
0.0152 0.01508 7.60206 3.4000000954 2.6011312008    3.398  2.152  4.1293  4.286    1  0.000  0.538     0.00     0.00     0.00     0.00     0.00 -1    -1e-30      0.00 7.092e-01 2.755e-01 2.710e-03 7.399e-04 6.720e-03 -1.000 1.527e-02 -0.611 -0.290 0.183 0.302 0.354 0.427 0.593 0.644 0.683
0.0152 0.01508 7.60206 3.5807223320 2.6032671928    3.578  2.242  4.1430  4.274    1  0.000  0.538     0.00     0.00     0.00     0.00     0.00 -1    -1e-30      0.00 7.092e-01 2.755e-01 2.710e-03 7.399e-04 6.720e-03 -1.000 1.527e-02 -0.835 -0.479 0.030 0.156 0.212 0.288 0.465 0.519 0.561
0.0152 0.01508 7.60206 3.6000001431 2.6034805775    3.598  2.251  4.1444  4.272    1  0.000  0.538     0.00     0.00     0.00     0.00     0.00 -1    -1e-30      0.00 7.092e-01 2.755e-01 2.710e-03 7.399e-04 6.720e-03 -1.000 1.527e-02 -0.858 -0.498 0.014 0.141 0.197 0.273 0.452 0.506 0.548
0.0152 0.01508 7.60206 3.8000001907 2.6055479050    3.798  2.345  4.1585  4.259    1  0.000  0.538     0.00     0.00     0.00     0.00     0.00 -1    -1e-30      0.00 7.092e-01 2.755e-01 2.710e-03 7.399e-04 6.720e-03 -1.000 1.527e-02 -1.093 -0.691 -0.146 -0.012 0.047 0.128 0.317 0.374 0.419
0.0152 0.01508 7.60206 4.0000000000 2.6073791981    4.001  2.435  4.1717  4.244    1  0.000  0.538     0.00     0.00     0.00     0.00     0.00 -1    -1e-30      0.00 7.092e-01 2.755e-01 2.710e-03 7.399e-04 6.720e-03 -1.000 1.527e-02 -1.317 -0.875 -0.299 -0.159 -0.096 -0.012 0.187 0.247 0.294
0.0152 0.01508 7.60206 4.0123286247 2.6074852943    4.013  2.440  4.1724  4.243    1  0.000  0.538     0.00     0.00     0.00     0.00     0.00 -1    -1e-30      0.00 7.092e-01 2.755e-01 2.710e-03 7.399e-04 6.720e-03 -1.000 1.527e-02 -1.330 -0.886 -0.309 -0.167 -0.105 -0.020 0.179 0.239 0.286
0.0152 0.01508 7.60206 4.1999998093 2.6090114117    4.198  2.521  4.1840  4.229    1  0.000  0.538     0.00     0.00     0.00     0.00     0.00 -1    -1e-30      0.00 7.092e-01 2.755e-01 2.710e-03 7.399e-04 6.720e-03 -1.000 1.527e-02 -1.531 -1.050 -0.448 -0.300 -0.235 -0.147 0.060 0.123 0.172
0.0152 0.01508 7.60206 4.3812332153 2.6103434563    4.378  2.596  4.1946  4.214    1  0.000  0.538     0.00     0.00     0.00     0.00     0.00 -1    -1e-30      0.00 7.092e-01 2.755e-01 2.710e-03 7.399e-04 6.720e-03 -1.000 1.527e-02 -1.719 -1.203 -0.578 -0.425 -0.358 -0.266 -0.052 0.013 0.064
0.0152 0.01508 7.60206 4.4000000954 2.6104743481    4.397  2.603  4.1956  4.212    1  0.000  0.538     0.00     0.00     0.00     0.00     0.00 -1    -1e-30      0.00 7.092e-01 2.755e-01 2.710e-03 7.399e-04 6.720e-03 -1.000 1.527e-02 -1.738 -1.218 -0.592 -0.438 -0.370 -0.278 -0.063 0.001 0.053
0.0152 0.01508 7.60206 4.5674972534 2.6115865707    4.565  2.670  4.2047  4.198    1  0.000  0.538     0.00     0.00     0.00     0.00     0.00 -1    -1e-30      0.00 7.092e-01 2.755e-01 2.710e-03 7.399e-04 6.720e-03 -1.000 1.527e-02 -1.905 -1.355 -0.710 -0.552 -0.482 -0.387 -0.166 -0.099 -0.046
0.0152 0.01508 7.60206 4.5999999046 2.6117916107    4.598  2.683  4.2063  4.195    1  0.000  0.538     0.00     0.00     0.00     0.00     0.00 -1    -1e-30      0.00 7.092e-01 2.755e-01 2.710e-03 7.399e-04 6.720e-03 -1.000 1.527e-02 -1.937 -1.381 -0.733 -0.574 -0.503 -0.408 -0.186 -0.119 -0.065
0.0152 0.01508 7.60206 4.8000001907 2.6129837036    4.798  2.760  4.2163  4.176    1  0.000  0.538     0.00     0.00     0.00     0.00     0.00 -1    -1e-30      0.00 7.092e-01 2.755e-01 2.710e-03 7.399e-04 6.720e-03 -1.000 1.527e-02 -2.131 -1.540 -0.873 -0.708 -0.635 -0.537 -0.308 -0.239 -0.184
0.0152 0.01508 7.60206 4.8669867516 2.6133577824    4.865  2.786  4.2195  4.169    1  0.000  0.538     0.00     0.00     0.00     0.00     0.00 -1    -1e-30      0.00 7.092e-01 2.755e-01 2.710e-03 7.399e-04 6.720e-03 -1.000 1.527e-02 -2.195 -1.593 -0.919 -0.753 -0.679 -0.580 -0.349 -0.279 -0.224
0.0152 0.01508 7.60206 5.0000000000 2.6140668392    4.999  2.836  4.2256  4.155    1  0.000  0.538     0.00     0.00     0.00     0.00     0.00 -1    -1e-30      0.00 7.092e-01 2.755e-01 2.710e-03 7.399e-04 6.720e-03 -1.000 1.527e-02 -2.320 -1.697 -1.011 -0.842 -0.766 -0.665 -0.430 -0.360 -0.303
0.0152 0.01508 7.60206 5.1252746582 2.6146957874    5.125  2.882  4.2312  4.142    1  0.000  0.538     0.00     0.00     0.00     0.00     0.00 -1    -1e-30      0.00 7.092e-01 2.755e-01 2.710e-03 7.399e-04 6.720e-03 -1.000 1.527e-02 -2.435 -1.793 -1.096 -0.924 -0.847 -0.745 -0.506 -0.434 -0.376
0.0152 0.01508 7.60206 5.1999998093 2.6150546074    5.200  2.909  4.2343  4.134    1  0.000  0.538     0.00     0.00     0.00     0.00     0.00 -1    -1e-30      0.00 7.092e-01 2.755e-01 2.710e-03 7.399e-04 6.720e-03 -1.000 1.527e-02 -2.503 -1.850 -1.148 -0.974 -0.896 -0.792 -0.552 -0.479 -0.421
0.0152 0.01508 7.60206 5.3735346794 2.6158435345    5.374  2.972  4.2414  4.114    1  0.000  0.538     0.00     0.00     0.00     0.00     0.00 -1    -1e-30      0.00 7.092e-01 2.755e-01 2.710e-03 7.399e-04 6.720e-03 -1.000 1.527e-02 -2.659 -1.981 -1.265 -1.088 -1.008 -0.902 -0.657 -0.583 -0.523
0.0152 0.01508 7.60206 5.3999996185 2.6159586906    5.401  2.981  4.2424  4.111    1  0.000  0.538     0.00     0.00     0.00     0.00     0.00 -1    -1e-30      0.00 7.092e-01 2.755e-01 2.710e-03 7.399e-04 6.720e-03 -1.000 1.527e-02 -2.682 -2.001 -1.284 -1.105 -1.026 -0.920 -0.674 -0.600 -0.540
0.0152 0.01508 7.60206 5.5999994278 2.6167888641    5.601  3.051  4.2496  4.085    1  0.000  0.538     0.00     0.00     0.00     0.00     0.00 -1    -1e-30      0.00 7.092e-01 2.755e-01 2.710e-03 7.399e-04 6.720e-03 -1.000 1.527e-02 -2.858 -2.152 -1.421 -1.239 -1.158 -1.049 -0.798 -0.723 -0.662
0.0152 0.01508 7.60206 5.6527266502 2.6169965267    5.654  3.070  4.2513  4.078    1  0.000  0.538     0.00     0.00     0.00     0.00     0.00 -1    -1e-30      0.00 7.092e-01 2.755e-01 2.710e-03 7.399e-04 6.720e-03 -1.000 1.527e-02 -2.904 -2.192 -1.458 -1.275 -1.193 -1.084 -0.832 -0.756 -0.694
0.0152 0.01508 7.60206 5.8000001907 2.6175537109    5.801  3.121  4.2559  4.056    1  0.000  0.538     0.00     0.00     0.00     0.00     0.00 -1    -1e-30      0.00 7.092e-01 2.755e-01 2.710e-03 7.399e-04 6.720e-03 -1.000 1.527e-02 -3.033 -2.306 -1.563 -1.377 -1.294 -1.184 -0.929 -0.852 -0.790
0.0152 0.01508 7.60206 5.9740772247 2.6181714535    5.975  3.182  4.2608  4.028    1  0.000  0.538     0.00     0.00     0.00     0.00     0.00 -1    -1e-30      0.00 7.092e-01 2.755e-01 2.710e-03 7.399e-04 6.720e-03 -1.000 1.527e-02 -3.184 -2.441 -1.688 -1.500 -1.415 -1.303 -1.045 -0.968 -0.904
0.0152 0.01508 7.60206 6.0000000000 2.6182601452    6.000  3.191  4.2615  4.023    1  0.000  0.538     0.00     0.00     0.00     0.00     0.00 -1    -1e-30      0.00 7.092e-01 2.755e-01 2.710e-03 7.399e-04 6.720e-03 -1.000 1.527e-02 -3.207 -2.461 -1.707 -1.518 -1.434 -1.322 -1.063 -0.985 -0.922
0.0152 0.01508 7.60206 6.1438760757 2.6187355518    6.144  3.240  4.2649  3.998    1  0.000  0.538     0.00     0.00     0.00     0.00     0.00 -1    -1e-30      0.00 7.092e-01 2.755e-01 2.710e-03 7.399e-04 6.720e-03 -1.000 1.527e-02 -3.330 -2.573 -1.813 -1.622 -1.537 -1.423 -1.163 -1.084 -1.020
0.0152 0.01508 7.60206 6.1999998093 2.6189143658    6.200  3.259  4.2660  3.987    1  0.000  0.538     0.00     0.00     0.00     0.00     0.00 -1    -1e-30      0.00 7.092e-01 2.755e-01 2.710e-03 7.399e-04 6.720e-03 -1.000 1.527e-02 -3.378 -2.618 -1.855 -1.663 -1.578 -1.464 -1.203 -1.124 -1.060
0.0152 0.01508 7.60206 6.2657346725 2.6191189289    6.265  3.281  4.2673  3.975    1  0.000  0.538     0.00     0.00     0.00     0.00     0.00 -1    -1e-30      0.00 7.092e-01 2.755e-01 2.710e-03 7.399e-04 6.720e-03 -1.000 1.527e-02 -3.434 -2.670 -1.904 -1.712 -1.626 -1.512 -1.249 -1.170 -1.106
0.0152 0.01508 7.60206 6.4000000954 2.6195218563    6.399  3.328  4.2692  3.945    1  0.000  0.538     0.00     0.00     0.00     0.00     0.00 -1    -1e-30      0.00 7.092e-01 2.755e-01 2.710e-03 7.399e-04 6.720e-03 -1.000 1.527e-02 -3.549 -2.781 -2.011 -1.817 -1.731 -1.616 -1.352 -1.273 -1.208
0.0152 0.01508 7.60206 6.4546546936 2.6196801662    6.453  3.346  4.2699  3.933    1  0.000  0.538     0.00     0.00     0.00     0.00     0.00 -1    -1e-30      0.00 7.092e-01 2.755e-01 2.710e-03 7.399e-04 6.720e-03 -1.000 1.527e-02 -3.596 -2.826 -2.054 -1.860 -1.773 -1.659 -1.394 -1.315 -1.250
0.0152 0.01508 7.60206 6.5998740196 2.6200866699    6.598  3.396  4.2709  3.897    1  0.000  0.538     0.00     0.00     0.00     0.00     0.00 -1    -1e-30      0.00 7.092e-01 2.755e-01 2.710e-03 7.399e-04 6.720e-03 -1.000 1.527e-02 -3.720 -2.950 -2.174 -1.979 -1.892 -1.777 -1.512 -1.432 -1.367
0.0152 0.01508 7.60206 6.7436037064 2.6204693317    6.740  3.446  4.2711  3.858    1  0.000  0.538     0.00     0.00     0.00     0.00     0.00 -1    -1e-30      0.00 7.092e-01 2.755e-01 2.710e-03 7.399e-04 6.720e-03 -1.000 1.527e-02 -3.844 -3.076 -2.298 -2.102 -2.016 -1.901 -1.636 -1.556 -1.490
0.0152 0.01508 7.60206 6.8739538193 2.6208002567    6.870  3.492  4.2700  3.815    1  0.000  0.538     0.00     0.00     0.00     0.00     0.00 -1    -1e-30      0.00 7.092e-01 2.755e-01 2.710e-03 7.399e-04 6.720e-03 -1.000 1.527e-02 -3.959 -3.198 -2.420 -2.225 -2.139 -2.024 -1.759 -1.680 -1.614
0.0152 0.01508 7.60206 6.9828104973 2.6210660934    6.978  3.531  4.2680  3.775    1  0.000  0.538     0.00     0.00     0.00     0.00     0.00 -1    -1e-30      0.00 7.092e-01 2.755e-01 2.710e-03 7.399e-04 6.720e-03 -1.000 1.527e-02 -4.057 -3.307 -2.531 -2.336 -2.251 -2.137 -1.873 -1.794 -1.729
0.0152 0.01508 7.60206 7.0000000000 2.6211071014    6.996  3.537  4.2675  3.768    1  0.000  0.538     0.00     0.00     0.00     0.00     0.00 -1    -1e-30      0.00 7.092e-01 2.755e-01 2.710e-03 7.399e-04 6.720e-03 -1.000 1.527e-02 -4.073 -3.325 -2.549 -2.354 -2.269 -2.155 -1.892 -1.813 -1.748
0.0152 0.01508 7.60206 7.1195931435 2.6213865280    7.116  3.579  4.2642  3.720    1  0.000  0.538     0.00     0.00     0.00     0.00     0.00 -1    -1e-30      0.00 7.092e-01 2.755e-01 2.710e-03 7.399e-04 6.720e-03 -1.000 1.527e-02 -4.178 -3.446 -2.673 -2.480 -2.396 -2.283 -2.021 -1.943 -1.878
0.0152 0.01508 7.60206 7.2412462234 2.6216599941    7.238  3.623  4.2588  3.662    1  0.000  0.538     0.00     0.00     0.00     0.00     0.00 -1    -1e-30      0.00 7.092e-01 2.755e-01 2.710e-03 7.399e-04 6.720e-03 -1.000 1.527e-02 -4.288 -3.580 -2.814 -2.622 -2.539 -2.429 -2.170 -2.093 -2.029
0.0152 0.01508 7.60206 7.3404130936 2.6218750477    7.338  3.660  4.2526  3.606    1  0.000  0.538     0.00     0.00     0.00     0.00     0.00 -1    -1e-30      0.00 7.092e-01 2.755e-01 2.710e-03 7.399e-04 6.720e-03 -1.000 1.527e-02 -4.380 -3.698 -2.941 -2.751 -2.670 -2.562 -2.307 -2.231 -2.168
0.0152 0.01508 7.60206 7.4353075027 2.6220748425    7.433  3.696  4.2455  3.548    1  0.000  0.538     0.00     0.00     0.00     0.00     0.00 -1    -1e-30      0.00 7.092e-01 2.755e-01 2.710e-03 7.399e-04 6.720e-03 -1.000 1.527e-02 -4.469 -3.818 -3.070 -2.883 -2.804 -2.698 -2.447 -2.373 -2.312
0.0152 0.01508 7.60206 7.5168824196 2.6222419739    7.515  3.728  4.2381  3.490    1  0.000  0.538     0.00     0.00     0.00     0.00     0.00 -1    -1e-30      0.00 7.092e-01 2.755e-01 2.710e-03 7.399e-04 6.720e-03 -1.000 1.527e-02 -4.550 -3.930 -3.193 -3.008 -2.932 -2.828 -2.582 -2.510 -2.449
0.0152 0.01508 7.60206 7.5972595215 2.6224026680    7.596  3.763  4.2312  3.433    1  0.000  0.538     0.00     0.00     0.00     0.00     0.00 -1    -1e-30      0.00 7.092e-01 2.755e-01 2.710e-03 7.399e-04 6.720e-03 -1.000 1.527e-02 -4.637 -4.047 -3.318 -3.136 -3.062 -2.961 -2.719 -2.648 -2.589
0.0152 0.01508 7.60206 7.6260690689 2.6224591732    7.625  3.776  4.2299  3.416    1  0.000  0.538     0.00     0.00     0.00     0.00     0.00 -1    -1e-30      0.00 7.092e-01 2.755e-01 2.710e-03 7.399e-04 6.720e-03 -1.000 1.527e-02 -4.671 -4.086 -3.359 -3.177 -3.104 -3.003 -2.762 -2.691 -2.632
0.0152 0.01508 7.60206 7.6528515816 2.6225113869    7.652  3.794  4.2360  3.424    1  0.000  0.538     0.00     0.00     0.00     0.00     0.00 -1    -1e-30      0.00 7.092e-01 2.755e-01 2.710e-03 7.399e-04 6.720e-03 -1.000 1.527e-02 -4.714 -4.107 -3.369 -3.185 -3.110 -3.007 -2.762 -2.690 -2.630
0.0152 0.01508 7.60206 7.6710534096 2.6225466728    7.670  3.811  4.2467  3.451    1  0.000  0.538     0.00     0.00     0.00     0.00     0.00 -1    -1e-30      0.00 7.092e-01 2.755e-01 2.710e-03 7.399e-04 6.720e-03 -1.000 1.527e-02 -4.757 -4.110 -3.354 -3.165 -3.087 -2.981 -2.729 -2.655 -2.592
0.0152 0.01508 7.60206 7.6770739555 2.6225583553    7.677  3.824  4.2573  3.481    1  0.000  0.538     0.00     0.00     0.00     0.00     0.00 -1    -1e-30      0.00 7.092e-01 2.755e-01 2.710e-03 7.399e-04 6.720e-03 -1.000 1.527e-02 -4.789 -4.101 -3.329 -3.135 -3.054 -2.944 -2.686 -2.609 -2.545
0.0152 0.01508 7.60206 7.6798748970 2.6225636005    7.679  3.838  4.2678  3.509    1  0.000  0.538     0.00     0.00     0.00     0.00     0.00 -1    -1e-30      0.00 7.092e-01 2.755e-01 2.710e-03 7.399e-04 6.720e-03 -1.000 1.527e-02 -4.824 -4.096 -3.306 -3.109 -3.025 -2.911 -2.646 -2.567 -2.501
0.0152 0.01508 7.60206 7.6812601089 2.6225664616    7.681  3.853  4.2771  3.531    1  0.000  0.538     0.00     0.00     0.00     0.00     0.00 -1    -1e-30      0.00 7.092e-01 2.755e-01 2.710e-03 7.399e-04 6.720e-03 -1.000 1.527e-02 -4.861 -4.098 -3.294 -3.092 -3.006 -2.889 -2.619 -2.538 -2.470
0.0152 0.01508 7.60206 7.6821613312 2.6225681305    7.682  3.869  4.2857  3.549    1  0.000  0.538     0.00     0.00     0.00     0.00     0.00 -1    -1e-30      0.00 7.092e-01 2.755e-01 2.710e-03 7.399e-04 6.720e-03 -1.000 1.527e-02 -4.902 -4.107 -3.288 -3.084 -2.995 -2.875 -2.599 -2.516 -2.447
0.0152 0.01508 7.60206 7.6822690964 2.6225683689    7.682  3.870  4.2866  3.551    1  0.000  0.538     0.00     0.00     0.00     0.00     0.00 -1    -1e-30      0.00 7.092e-01 2.755e-01 2.710e-03 7.399e-04 6.720e-03 -1.000 1.527e-02 -4.906 -4.107 -3.287 -3.082 -2.993 -2.874 -2.597 -2.514 -2.444
0.0152 0.01508 7.60206 7.6826572418 2.6225690842    7.682  3.849  4.2796  3.545    2  0.000  0.538     0.00     0.00     0.00     0.00     0.00 -1    -1e-30      0.00 7.092e-01 2.755e-01 2.710e-03 7.399e-04 6.720e-03 -1.000 1.527e-02 -4.852 -4.079 -3.270 -3.068 -2.981 -2.863 -2.591 -2.509 -2.441
0.0152 0.01508 7.60206 7.6829609871 2.6225695610    7.682  3.831  4.2715  3.531    2  0.000  0.538     0.00     0.00     0.00     0.00     0.00 -1    -1e-30      0.00 7.092e-01 2.755e-01 2.710e-03 7.399e-04 6.720e-03 -1.000 1.527e-02 -4.807 -4.064 -3.269 -3.070 -2.985 -2.871 -2.603 -2.524 -2.457
0.0152 0.01508 7.60206 7.6832170486 2.6225700378    7.683  3.819  4.2618  3.504    2  0.000  0.538     0.00     0.00     0.00     0.00     0.00 -1    -1e-30      0.00 7.092e-01 2.755e-01 2.710e-03 7.399e-04 6.720e-03 -1.000 1.527e-02 -4.777 -4.070 -3.291 -3.096 -3.014 -2.902 -2.641 -2.563 -2.498
0.0152 0.01508 7.60206 7.6835107803 2.6225707531    7.683  3.814  4.2495  3.460    2  0.000  0.538     0.00     0.00     0.00     0.00     0.00 -1    -1e-30      0.00 7.092e-01 2.755e-01 2.710e-03 7.399e-04 6.720e-03 -1.000 1.527e-02 -4.764 -4.106 -3.346 -3.156 -3.077 -2.970 -2.716 -2.641 -2.579
0.0152 0.01508 7.60206 7.6837878227 2.6225712299    7.683  3.819  4.2374  3.407    2  0.000  0.538     0.00     0.00     0.00     0.00     0.00 -1    -1e-30      0.00 7.092e-01 2.755e-01 2.710e-03 7.399e-04 6.720e-03 -1.000 1.527e-02 -4.776 -4.167 -3.425 -3.240 -3.164 -3.061 -2.815 -2.743 -2.682
0.0152 0.01508 7.60206 7.6840600967 2.6225717068    7.684  3.827  4.2254  3.350    2  0.000  0.538     0.00     0.00     0.00     0.00     0.00 -1    -1e-30      0.00 7.092e-01 2.755e-01 2.710e-03 7.399e-04 6.720e-03 -1.000 1.527e-02 -4.797 -4.234 -3.511 -3.331 -3.259 -3.160 -2.921 -2.852 -2.793
0.0152 0.01508 7.60206 7.6843290329 2.6225721836    7.684  3.836  4.2135  3.294    2  0.000  0.538     0.00     0.00     0.00     0.00     0.00 -1    -1e-30      0.00 7.092e-01 2.755e-01 2.710e-03 7.399e-04 6.720e-03 -1.000 1.527e-02 -4.819 -4.303 -3.598 -3.423 -3.355 -3.260 -3.029 -2.962 -2.905
0.0152 0.01508 7.60206 7.6845955849 2.6225726604    7.684  3.843  4.2016  3.239    2  0.000  0.538     0.00     0.00     0.00     0.00     0.00 -1    -1e-30      0.00 7.092e-01 2.755e-01 2.710e-03 7.399e-04 6.720e-03 -1.000 1.527e-02 -4.838 -4.368 -3.682 -3.513 -3.448 -3.357 -3.134 -3.070 -3.015
0.0152 0.01508 7.60206 7.6848583221 2.6225733757    7.684  3.850  4.1897  3.185    2  0.000  0.538     0.00     0.00     0.00     0.00     0.00 -1    -1e-30      0.00 7.092e-01 2.755e-01 2.710e-03 7.399e-04 6.720e-03 -1.000 1.527e-02 -4.854 -4.428 -3.762 -3.598 -3.537 -3.450 -3.235 -3.174 -3.121
0.0152 0.01508 7.60206 7.6851167679 2.6225738525    7.685  3.854  4.1777  3.132    2  0.000  0.538     0.00     0.00     0.00     0.00     0.00 -1    -1e-30      0.00 7.092e-01 2.755e-01 2.710e-03 7.399e-04 6.720e-03 -1.000 1.527e-02 -4.866 -4.483 -3.838 -3.679 -3.622 -3.540 -3.332 -3.274 -3.223
0.0152 0.01508 7.60206 7.6853680611 2.6225743294    7.685  3.858  4.1658  3.081    2  0.000  0.538     0.00     0.00     0.00     0.00     0.00 -1    -1e-30      0.00 7.092e-01 2.755e-01 2.710e-03 7.399e-04 6.720e-03 -1.000 1.527e-02 -4.874 -4.534 -3.910 -3.757 -3.703 -3.625 -3.426 -3.370 -3.321
0.0152 0.01508 7.60206 7.6856131554 2.6225748062    7.685  3.860  4.1539  3.031    2  0.000  0.538     0.00     0.00     0.00     0.00     0.00 -1    -1e-30      0.00 7.092e-01 2.755e-01 2.710e-03 7.399e-04 6.720e-03 -1.000 1.527e-02 -4.880 -4.582 -3.980 -3.832 -3.781 -3.708 -3.517 -3.465 -3.418
0.0152 0.01508 7.60206 7.6858491898 2.6225752831    7.685  3.862  4.1420  2.982    2  0.000  0.538     0.00     0.00     0.00     0.00     0.00 -1    -1e-30      0.00 7.092e-01 2.755e-01 2.710e-03 7.399e-04 6.720e-03 -1.000 1.527e-02 -4.884 -4.625 -4.046 -3.904 -3.856 -3.787 -3.605 -3.556 -3.511
0.0152 0.01508 7.60206 7.6861343384 2.6225757599    7.686  3.862  4.1270  2.921    2  0.000  0.538     0.00     0.00     0.00     0.00     0.00 -1    -1e-30      0.00 7.092e-01 2.755e-01 2.710e-03 7.399e-04 6.720e-03 -1.000 1.527e-02 -4.886 -4.675 -4.125 -3.990 -3.947 -3.884 -3.713 -3.668 -3.625
0.0152 0.01508 7.60206 7.6863512993 2.6225762367    7.686  3.862  4.1151  2.874    2  0.000  0.538     0.00     0.00     0.00     0.00     0.00 -1    -1e-30      0.00 7.092e-01 2.755e-01 2.710e-03 7.399e-04 6.720e-03 -1.000 1.527e-02 -4.885 -4.712 -4.185 -4.056 -4.017 -3.959 -3.797 -3.754 -3.714
0.0152 0.01508 7.60206 7.6865596771 2.6225764751    7.686  3.861  4.1032  2.827    2  0.000  0.538     0.00     0.00     0.00     0.00     0.00 -1    -1e-30      0.00 7.092e-01 2.755e-01 2.710e-03 7.399e-04 6.720e-03 -1.000 1.527e-02 -4.883 -4.744 -4.244 -4.120 -4.085 -4.031 -3.878 -3.839 -3.801
0.0152 0.01508 7.60206 7.6867599487 2.6225769520    7.686  3.860  4.0912  2.780    2  0.000  0.538     0.00     0.00     0.00     0.00     0.00 -1    -1e-30      0.00 7.092e-01 2.755e-01 2.710e-03 7.399e-04 6.720e-03 -1.000 1.527e-02 -4.880 -4.773 -4.300 -4.182 -4.151 -4.102 -3.958 -3.923 -3.886
0.0152 0.01508 7.60206 7.6869511604 2.6225771904    7.686  3.858  4.0792  2.734    2  0.000  0.538     0.00     0.00     0.00     0.00     0.00 -1    -1e-30      0.00 7.092e-01 2.755e-01 2.710e-03 7.399e-04 6.720e-03 -1.000 1.527e-02 -4.876 -4.798 -4.353 -4.242 -4.214 -4.170 -4.037 -4.004 -3.970
0.0152 0.01508 7.60206 7.6871337891 2.6225776672    7.687  3.856  4.0672  2.689    2  0.000  0.538     0.00     0.00     0.00     0.00     0.00 -1    -1e-30      0.00 7.092e-01 2.755e-01 2.710e-03 7.399e-04 6.720e-03 -1.000 1.527e-02 -4.870 -4.818 -4.405 -4.299 -4.275 -4.235 -4.113 -4.084 -4.051
0.0152 0.01508 7.60206 7.6873087883 2.6225779057    7.687  3.854  4.0553  2.643    2  0.000  0.538     0.00     0.00     0.00     0.00     0.00 -1    -1e-30      0.00 7.092e-01 2.755e-01 2.710e-03 7.399e-04 6.720e-03 -1.000 1.527e-02 -4.864 -4.834 -4.454 -4.354 -4.333 -4.298 -4.187 -4.162 -4.131
0.0152 0.01508 7.60206 7.6874747276 2.6225783825    7.687  3.851  4.0433  2.598    2  0.000  0.538     0.00     0.00     0.00     0.00     0.00 -1    -1e-30      0.00 7.092e-01 2.755e-01 2.710e-03 7.399e-04 6.720e-03 -1.000 1.527e-02 -4.856 -4.846 -4.500 -4.407 -4.389 -4.359 -4.260 -4.238 -4.210
0.0152 0.01508 7.60206 7.6876330376 2.6225786209    7.687  3.847  4.0313  2.554    2  0.000  0.538     0.00     0.00     0.00     0.00     0.00 -1    -1e-30      0.00 7.092e-01 2.755e-01 2.710e-03 7.399e-04 6.720e-03 -1.000 1.527e-02 -4.848 -4.854 -4.545 -4.457 -4.442 -4.418 -4.330 -4.313 -4.287
0.0152 0.01508 7.60206 7.6877837181 2.6225788593    7.687  3.844  4.0194  2.510    2  0.000  0.538     0.00     0.00     0.00     0.00     0.00 -1    -1e-30      0.00 7.092e-01 2.755e-01 2.710e-03 7.399e-04 6.720e-03 -1.000 1.527e-02 -4.839 -4.857 -4.587 -4.505 -4.493 -4.474 -4.400 -4.386 -4.362
0.0152 0.01508 7.60206 7.6879272461 2.6225790977    7.687  3.840  4.0073  2.465    2  0.000  0.538     0.00     0.00     0.00     0.00     0.00 -1    -1e-30      0.00 7.092e-01 2.755e-01 2.710e-03 7.399e-04 6.720e-03 -1.000 1.527e-02 -4.829 -4.857 -4.625 -4.551 -4.542 -4.528 -4.468 -4.459 -4.438
0.0152 0.01508 7.60206 7.6880631447 2.6225793362    7.688  3.836  3.9954  2.422    2  0.000  0.538     0.00     0.00     0.00     0.00     0.00 -1    -1e-30      0.00 7.092e-01 2.755e-01 2.710e-03 7.399e-04 6.720e-03 -1.000 1.527e-02 -4.819 -4.854 -4.661 -4.594 -4.589 -4.581 -4.535 -4.530 -4.512
0.0152 0.01508 7.60206 7.6881928444 2.6225795746    7.688  3.831  3.9835  2.378    2  0.000  0.538     0.00     0.00     0.00     0.00     0.00 -1    -1e-30      0.00 7.092e-01 2.755e-01 2.710e-03 7.399e-04 6.720e-03 -1.000 1.527e-02 -4.808 -4.846 -4.694 -4.635 -4.634 -4.632 -4.601 -4.601 -4.587
0.0152 0.01508 7.60206 7.6883172989 2.6225798130    7.688  3.827  3.9715  2.335    2  0.000  0.538     0.00     0.00     0.00     0.00     0.00 -1    -1e-30      0.00 7.092e-01 2.755e-01 2.710e-03 7.399e-04 6.720e-03 -1.000 1.527e-02 -4.797 -4.835 -4.724 -4.674 -4.677 -4.682 -4.667 -4.672 -4.661
0.0152 0.01508 7.60206 7.6884355545 2.6225800514    7.688  3.822  3.9595  2.292    2  0.000  0.538     0.00     0.00     0.00     0.00     0.00 -1    -1e-30      0.00 7.092e-01 2.755e-01 2.710e-03 7.399e-04 6.720e-03 -1.000 1.527e-02 -4.785 -4.818 -4.750 -4.711 -4.718 -4.730 -4.732 -4.743 -4.735
0.0152 0.01508 7.60206 7.6885480881 2.6225802898    7.688  3.817  3.9476  2.249    2  0.000  0.538     0.00     0.00     0.00     0.00     0.00 -1    -1e-30      0.00 7.092e-01 2.755e-01 2.710e-03 7.399e-04 6.720e-03 -1.000 1.527e-02 -4.773 -4.796 -4.771 -4.743 -4.756 -4.776 -4.796 -4.812 -4.809
0.0152 0.01508 7.60206 7.6886553764 2.6225805283    7.688  3.812  3.9356  2.206    2  0.000  0.538     0.00     0.00     0.00     0.00     0.00 -1    -1e-30      0.00 7.092e-01 2.755e-01 2.710e-03 7.399e-04 6.720e-03 -1.000 1.527e-02 -4.760 -4.766 -4.786 -4.771 -4.792 -4.820 -4.859 -4.882 -4.883
0.0152 0.01508 7.60206 7.6887588501 2.6225807667    7.688  3.807  3.9236  2.163    2  0.000  0.538     0.00     0.00     0.00     0.00     0.00 -1    -1e-30      0.00 7.092e-01 2.755e-01 2.710e-03 7.399e-04 6.720e-03 -1.000 1.527e-02 -4.747 -4.726 -4.790 -4.793 -4.824 -4.862 -4.921 -4.952 -4.957
0.0152 0.01508 7.60206 7.6888566017 2.6225810051    7.688  3.802  3.9116  2.121    2  0.000  0.538     0.00     0.00     0.00     0.00     0.00 -1    -1e-30      0.00 7.092e-01 2.755e-01 2.710e-03 7.399e-04 6.720e-03 -1.000 1.527e-02 -4.734 -4.676 -4.782 -4.808 -4.851 -4.902 -4.982 -5.023 -5.031
0.0152 0.01508 7.60206 7.6889495850 2.6225812435    7.688  3.796  3.8996  2.078    2  0.000  0.538     0.00     0.00     0.00     0.00     0.00 -1    -1e-30      0.00 7.092e-01 2.755e-01 2.710e-03 7.399e-04 6.720e-03 -1.000 1.527e-02 -4.720 -4.618 -4.763 -4.816 -4.874 -4.939 -5.042 -5.094 -5.106
0.0152 0.01508 7.60206 7.6890382767 2.6225812435    7.689  3.791  3.8877  2.036    2  0.000  0.538     0.00     0.00     0.00     0.00     0.00 -1    -1e-30      0.00 7.092e-01 2.755e-01 2.710e-03 7.399e-04 6.720e-03 -1.000 1.527e-02 -4.706 -4.554 -4.731 -4.816 -4.893 -4.974 -5.100 -5.166 -5.181
0.0152 0.01508 7.60206 7.6891222000 2.6225814819    7.689  3.785  3.8757  1.994    2  0.000  0.538     0.00     0.00     0.00     0.00     0.00 -1    -1e-30      0.00 7.092e-01 2.755e-01 2.710e-03 7.399e-04 6.720e-03 -1.000 1.527e-02 -4.692 -4.488 -4.688 -4.809 -4.907 -5.007 -5.157 -5.238 -5.257
0.0152 0.01508 7.60206 7.6892027855 2.6225817204    7.689  3.779  3.8637  1.951    2  0.000  0.538     0.00     0.00     0.00     0.00     0.00 -1    -1e-30      0.00 7.092e-01 2.755e-01 2.710e-03 7.399e-04 6.720e-03 -1.000 1.527e-02 -4.678 -4.418 -4.636 -4.797 -4.919 -5.039 -5.214 -5.312 -5.334
0.0152 0.01508 7.60206 7.6892971992 2.6225817204    7.689  3.772  3.8487  1.899    2  0.000  0.538     0.00     0.00     0.00     0.00     0.00 -1    -1e-30      0.00 7.092e-01 2.755e-01 2.710e-03 7.399e-04 6.720e-03 -1.000 1.527e-02 -4.659 -4.324 -4.552 -4.776 -4.931 -5.078 -5.284 -5.406 -5.431
0.0152 0.01508 7.60206 7.6893687248 2.6225819588    7.689  3.766  3.8367  1.857    2  0.000  0.538     0.00     0.00     0.00     0.00     0.00 -1    -1e-30      0.00 7.092e-01 2.755e-01 2.710e-03 7.399e-04 6.720e-03 -1.000 1.527e-02 -4.644 -4.242 -4.476 -4.755 -4.938 -5.108 -5.339 -5.482 -5.509
0.0152 0.01508 7.60206 7.6894369125 2.6225819588    7.689  3.759  3.8248  1.816    2  0.000  0.538     0.00     0.00     0.00     0.00     0.00 -1    -1e-30      0.00 7.092e-01 2.755e-01 2.710e-03 7.399e-04 6.720e-03 -1.000 1.527e-02 -4.628 -4.156 -4.395 -4.730 -4.942 -5.133 -5.392 -5.556 -5.586
0.0152 0.01508 7.60206 7.6895008087 2.6225821972    7.689  3.753  3.8129  1.775    2  0.000  0.538     0.00     0.00     0.00     0.00     0.00 -1    -1e-30      0.00 7.092e-01 2.755e-01 2.710e-03 7.399e-04 6.720e-03 -1.000 1.527e-02 -4.613 -4.063 -4.311 -4.701 -4.941 -5.155 -5.441 -5.629 -5.662
0.0152 0.01508 7.60206 7.6895627975 2.6225821972    7.689  3.746  3.8010  1.733    2  0.000  0.538     0.00     0.00     0.00     0.00     0.00 -1    -1e-30      0.00 7.092e-01 2.755e-01 2.710e-03 7.399e-04 6.720e-03 -1.000 1.527e-02 -4.596 -3.950 -4.217 -4.668 -4.939 -5.177 -5.491 -5.703 -5.740
0.0152 0.01508 7.60206 7.6896209717 2.6225824356    7.689  3.740  3.7891  1.692    2  0.000  0.538     0.00     0.00     0.00     0.00     0.00 -1    -1e-30      0.00 7.092e-01 2.755e-01 2.710e-03 7.399e-04 6.720e-03 -1.000 1.527e-02 -4.580 -3.827 -4.117 -4.631 -4.933 -5.195 -5.538 -5.775 -5.816
0.0152 0.01508 7.60206 7.6896772385 2.6225824356    7.689  3.733  3.7771  1.651    2  0.000  0.538     0.00     0.00     0.00     0.00     0.00 -1    -1e-30      0.00 7.092e-01 2.755e-01 2.710e-03 7.399e-04 6.720e-03 -1.000 1.527e-02 -4.562 -3.669 -4.002 -4.590 -4.926 -5.213 -5.588 -5.852 -5.897
0.0152 0.01508 7.60206 7.6897425652 2.6225826740    7.689  3.724  3.7623  1.601    2  0.000  0.538     0.00     0.00     0.00     0.00     0.00 -1    -1e-30      0.00 7.092e-01 2.755e-01 2.710e-03 7.399e-04 6.720e-03 -1.000 1.527e-02 -4.540 -3.452 -3.849 -4.530 -4.910 -5.229 -5.644 -5.944 -5.995
0.0152 0.01508 7.60206 7.6897921562 2.6225826740    7.689  3.717  3.7504  1.561    2  0.000  0.538     0.00     0.00     0.00     0.00     0.00 -1    -1e-30      0.00 7.092e-01 2.755e-01 2.710e-03 7.399e-04 6.720e-03 -1.000 1.527e-02 -4.521 -3.266 -3.730 -4.480 -4.891 -5.233 -5.680 -6.009 -6.063
0.0152 0.01508 7.60206 7.6898398399 2.6225829124    7.689  3.709  3.7385  1.521    2  0.000  0.538     0.00     0.00     0.00     0.00     0.00 -1    -1e-30      0.00 7.092e-01 2.755e-01 2.710e-03 7.399e-04 6.720e-03 -1.000 1.527e-02 -4.502 -3.060 -3.603 -4.423 -4.867 -5.232 -5.714 -6.073 -6.131
0.0152 0.01508 7.60206 7.6898851395 2.6225829124    7.689  3.701  3.7268  1.482    2  0.000  0.538     0.00     0.00     0.00     0.00     0.00 -1    -1e-30      0.00 7.092e-01 2.755e-01 2.710e-03 7.399e-04 6.720e-03 -1.000 1.527e-02 -4.482 -2.850 -3.474 -4.360 -4.836 -5.223 -5.742 -6.134 -6.193
0.0152 0.01508 7.60206 7.6899285316 2.6225829124    7.689  3.692  3.7155  1.446    2  0.000  0.538     0.00     0.00     0.00     0.00     0.00 -1    -1e-30      0.00 7.092e-01 2.755e-01 2.710e-03 7.399e-04 6.720e-03 -1.000 1.527e-02 -4.461 -2.625 -3.342 -4.294 -4.800 -5.209 -5.766 -6.189 -6.250
0.0152 0.01508 7.60206 7.6899714470 2.6225831509    7.689  3.683  3.7044  1.410    2  0.000  0.538     0.00     0.00     0.00     0.00     0.00 -1    -1e-30      0.00 7.092e-01 2.755e-01 2.710e-03 7.399e-04 6.720e-03 -1.000 1.527e-02 -4.437 -2.388 -3.207 -4.222 -4.758 -5.188 -5.784 -6.239 -6.302
0.0152 0.01508 7.60206 7.6900162697 2.6225831509    7.690  3.672  3.6935  1.378    2  0.000  0.538     0.00     0.00     0.00     0.00     0.00 -1    -1e-30      0.00 7.092e-01 2.755e-01 2.710e-03 7.399e-04 6.720e-03 -1.000 1.527e-02 -4.410 -2.135 -3.068 -4.143 -4.709 -5.159 -5.796 -6.281 -6.349
0.0152 0.01508 7.60206 7.6900658607 2.6225831509    7.690  3.659  3.6828  1.348    2  0.000  0.538     0.00     0.00     0.00     0.00     0.00 -1    -1e-30      0.00 7.092e-01 2.755e-01 2.710e-03 7.399e-04 6.720e-03 -1.000 1.527e-02 -4.377 -1.890 -2.925 -4.058 -4.650 -5.118 -5.796 -6.308 -6.384
0.0152 0.01508 7.60206 7.6901268959 2.6225833893    7.690  3.642  3.6730  1.326    2  0.000  0.538     0.00     0.00     0.00     0.00     0.00 -1    -1e-30      0.00 7.092e-01 2.755e-01 2.710e-03 7.399e-04 6.720e-03 -1.000 1.527e-02 -4.335 -1.708 -2.789 -3.970 -4.582 -5.064 -5.780 -6.310 -6.398
0.0152 0.01508 7.60206 7.6902222633 2.6225836277    7.690  3.617  3.6629  1.311    2  0.000  0.538     0.00     0.00     0.00     0.00     0.00 -1    -1e-30      0.00 7.092e-01 2.755e-01 2.710e-03 7.399e-04 6.720e-03 -1.000 1.527e-02 -4.272 -1.507 -2.625 -3.854 -4.486 -4.983 -5.740 -6.287 -6.391
0.0152 0.01508 7.60206 7.6903300285 2.6225838661    7.690  3.590  3.6545  1.304    2  0.000  0.538     0.00     0.00     0.00     0.00     0.00 -1    -1e-30      0.00 7.092e-01 2.755e-01 2.710e-03 7.399e-04 6.720e-03 -1.000 1.527e-02 -4.205 -1.286 -2.463 -3.734 -4.385 -4.900 -5.692 -6.257 -6.373
0.0152 0.01508 7.60206 7.6904478073 2.6225841045    7.690  3.570  3.6459  1.290    2  0.000  0.538     0.00     0.00     0.00     0.00     0.00 -1    -1e-30      0.00 7.092e-01 2.755e-01 2.710e-03 7.399e-04 6.720e-03 -1.000 1.527e-02 -4.154 -1.019 -2.304 -3.618 -4.296 -4.832 -5.661 -6.251 -6.376
0.0152 0.01508 7.60206 7.6904907227 2.6225841045    7.690  3.567  3.6428  1.281    2  0.000  0.538     0.00     0.00     0.00     0.00     0.00 -1    -1e-30      0.00 7.092e-01 2.755e-01 2.710e-03 7.399e-04 6.720e-03 -1.000 1.527e-02 -4.146 -0.930 -2.255 -3.585 -4.273 -4.818 -5.660 -6.260 -6.389
0.0152 0.01508 7.60206 7.6905732155 2.6225843430    7.690  3.580  3.6362  1.241    3  0.000  0.538     0.00     0.00     0.00     0.00     0.00 -1    -1e-30      0.00 7.092e-01 2.755e-01 2.710e-03 7.400e-04 6.720e-03 -1.000 1.527e-02 -4.180 -0.782 -2.198 -3.563 -4.274 -4.838 -5.709 -6.329 -6.464
0.0152 0.01508 7.60206 7.6906628609 2.6225843430    7.690  3.621  3.6282  1.167    3  0.000  0.536     0.00     0.00     0.00     0.00     0.00 -1    -1e-30      0.00 7.092e-01 2.755e-01 2.703e-03 7.415e-04 6.720e-03 -1.000 1.527e-02 -4.283 -0.647 -2.183 -3.594 -4.334 -4.924 -5.830 -6.475 -6.620
0.0152 0.01508 7.60206 7.6907258034 2.6225845814    7.690  3.665  3.6220  1.099    3  0.000  0.529     0.00     0.00     0.00     0.00     0.00 -1    -1e-30      0.00 7.092e-01 2.755e-01 2.667e-03 7.568e-04 6.720e-03 -1.000 1.528e-02 -4.392 -0.567 -2.195 -3.643 -4.407 -5.018 -5.952 -6.615 -6.768
0.0152 0.01508 7.60206 7.6907749176 2.6225845814    7.690  3.706  3.6171  1.038    3  0.000  0.506     0.00     0.00     0.00     0.00     0.00 -1    -1e-30      0.00 7.091e-01 2.755e-01 2.550e-03 8.561e-04 6.720e-03 -1.000 1.536e-02 -4.495 -0.513 -2.218 -3.695 -4.478 -5.109 -6.066 -6.743 -6.902
0.0152 0.01508 7.60206 7.6908187866 2.6225848198    7.690  3.744  3.6127  0.983    3  0.000  0.475     0.00     0.00     0.00     0.00     0.00 -1    -1e-30      0.00 7.091e-01 2.756e-01 2.396e-03 1.030e-03 6.720e-03 -1.000 1.535e-02 -4.590 -0.466 -2.239 -3.743 -4.545 -5.193 -6.170 -6.860 -7.025
0.0152 0.01508 7.60206 7.6908292770 2.6225848198    7.690  3.753  3.6117  0.970    3  0.000  0.468     0.00     0.00     0.00     0.00     0.00 -1    -1e-30      0.00 7.091e-01 2.756e-01 2.360e-03 1.074e-03 6.720e-03 -1.000 1.534e-02 -4.612 -0.454 -2.244 -3.754 -4.560 -5.213 -6.195 -6.887 -7.054
0.0152 0.01508 7.60206 7.6908645630 2.6225848198    7.690  3.781  3.6088  0.930    3  0.000  0.451     0.00     0.00     0.00     0.00     0.00 -1    -1e-30      0.00 7.091e-01 2.756e-01 2.272e-03 1.181e-03 6.720e-03 -1.000 1.531e-02 -4.682 -0.424 -2.261 -3.790 -4.609 -5.275 -6.271 -6.971 -7.143
0.0152 0.01508 7.60206 7.6909031868 2.6225848198    7.690  3.810  3.6058  0.890    3  0.000  0.435     0.00     0.00     0.00     0.00     0.00 -1    -1e-30      0.00 7.091e-01 2.756e-01 2.193e-03 1.278e-03 6.720e-03 -1.000 1.530e-02 -4.754 -0.398 -2.279 -3.826 -4.658 -5.340 -6.350 -7.059 -7.235
0.0152 0.01508 7.60206 7.6909151077 2.6225848198    7.690  3.817  3.6051  0.879    3  0.000  0.432     0.00     0.00     0.00     0.00     0.00 -1    -1e-30      0.00 7.090e-01 2.756e-01 2.178e-03 1.298e-03 6.720e-03 -1.000 1.533e-02 -4.773 -0.391 -2.284 -3.835 -4.671 -5.357 -6.371 -7.082 -7.259
0.0152 0.01508 7.60206 7.6909708977 2.6225850582    7.690  3.848  3.6021  0.836    3  0.000  0.420     0.00     0.00     0.00     0.00     0.00 -1    -1e-30      0.00 7.090e-01 2.756e-01 2.120e-03 1.369e-03 6.720e-03 -1.000 1.536e-02 -4.849 -0.366 -2.304 -3.873 -4.723 -5.424 -6.453 -7.173 -7.355
0.0152 0.01508 7.60206 7.6910777092 2.6225852966    7.691  3.884  3.5985  0.786    3  0.000  0.409     0.00     0.00     0.00     0.00     0.00 -1    -1e-30      0.00 7.090e-01 2.757e-01 2.060e-03 1.446e-03 6.716e-03 -1.000 1.537e-02 -4.939 -0.338 -2.326 -3.915 -4.782 -5.504 -6.551 -7.280 -7.467
0.0152 0.01508 7.60206 7.6912980080 2.6225855350    7.691  3.919  3.5949  0.737    3  0.000  0.400     0.00     0.00     0.00     0.00     0.00 -1    -1e-30      0.00 7.084e-01 2.762e-01 2.001e-03 1.559e-03 6.671e-03 -1.000 1.537e-02 -5.027 -0.312 -2.344 -3.953 -4.836 -5.581 -6.647 -7.386 -7.579
0.0152 0.01508 7.60206 7.6919293404 2.6225867271    7.691  3.965  3.5902  0.672    3  0.000  0.395     0.00     0.00     0.00     0.00     0.00 -1    -1e-30      0.00 7.051e-01 2.796e-01 1.919e-03 1.823e-03 6.483e-03 -1.000 1.540e-02 -5.142 -0.278 -2.367 -4.001 -4.907 -5.682 -6.772 -7.523 -7.724
0.0152 0.01508 7.60206 7.6926779747 2.6225883961    7.692  4.008  3.5860  0.612    3  0.000  0.393     0.00     0.00     0.00     0.00     0.00 -1    -1e-30      0.00 6.993e-01 2.854e-01 1.852e-03 2.088e-03 6.276e-03 -1.000 1.536e-02 -5.251 -0.260 -2.387 -4.040 -4.968 -5.777 -6.891 -7.653 -7.860
0.0152 0.01508 7.60206 7.6934661865 2.6225898266    7.693  4.051  3.5821  0.554    3  0.000  0.393     0.00     0.00     0.00     0.00     0.00 -1    -1e-30      0.00 6.922e-01 2.925e-01 1.798e-03 2.309e-03 6.101e-03 -1.000 1.535e-02 -5.356 -0.247 -2.409 -4.079 -5.028 -5.869 -7.005 -7.778 -7.992
0.0152 0.01508 7.60206 7.6944828033 2.6225917339    7.694  4.084  3.5791  0.509    3  0.000  0.393     0.00     0.00     0.00     0.00     0.00 -1    -1e-30      0.00 6.869e-01 2.978e-01 1.765e-03 2.445e-03 5.992e-03 -1.000 1.534e-02 -5.439 -0.240 -2.425 -4.107 -5.072 -5.941 -7.095 -7.875 -8.094
0.0152 0.01508 7.60206 7.6965694427 2.6225957870    7.696  4.110  3.5767  0.473    3  0.000  0.393     0.00     0.00     0.00     0.00     0.00 -1    -1e-30      0.00 6.832e-01 3.015e-01 1.746e-03 2.526e-03 5.926e-03 -1.000 1.530e-02 -5.505 -0.238 -2.432 -4.122 -5.102 -5.998 -7.168 -7.953 -8.176
0.0152 0.01508 7.60206 7.7046184540 2.6226110458    7.704  4.094  3.5785  0.497    4  0.000  0.393     0.00     0.00     0.00     0.00     0.00 -1    -1e-30      0.00 6.832e-01 3.015e-01 1.746e-03 2.526e-03 5.926e-03 -1.000 1.530e-02 -5.466 -0.249 -2.438 -4.123 -5.091 -5.966 -7.124 -7.905 -8.125
0.0152 0.01508 7.60206 7.7184491158 2.6226375103    7.718  4.061  3.5822  0.545    4  0.000  0.393     0.00     0.00     0.00     0.00     0.00 -1    -1e-30      0.00 6.833e-01 3.014e-01 1.746e-03 2.526e-03 5.926e-03 -1.000 1.530e-02 -5.383 -0.270 -2.436 -4.108 -5.057 -5.897 -7.033 -7.804 -8.018
0.0152 0.01508 7.60206 7.7286677361 2.6226568222    7.728  4.031  3.5855  0.589    4  0.000  0.393     0.00     0.00     0.00     0.00     0.00 -1    -1e-30      0.00 6.833e-01 3.014e-01 1.746e-03 2.526e-03 5.926e-03 -1.000 1.530e-02 -5.307 -0.289 -2.428 -4.086 -5.018 -5.831 -6.949 -7.711 -7.920
0.0152 0.01508 7.60206 7.7376861572 2.6226739883    7.737  4.000  3.5887  0.633    4  0.000  0.393     0.00     0.00     0.00     0.00     0.00 -1    -1e-30      0.00 6.833e-01 3.014e-01 1.746e-03 2.526e-03 5.926e-03 -1.000 1.530e-02 -5.231 -0.307 -2.419 -4.064 -4.979 -5.766 -6.865 -7.619 -7.823
0.0152 0.01508 7.60206 7.7476353645 2.6226928234    7.747  3.965  3.5925  0.684    4  0.000  0.393     0.00     0.00     0.00     0.00     0.00 -1    -1e-30      0.00 6.833e-01 3.014e-01 1.746e-03 2.526e-03 5.926e-03 -1.000 1.529e-02 -5.142 -0.336 -2.407 -4.033 -4.929 -5.689 -6.768 -7.512 -7.709
0.0152 0.01508 7.60206 7.7563724518 2.6227092743    7.756  3.934  3.5959  0.729    4  0.000  0.393     0.00     0.00     0.00     0.00     0.00 -1    -1e-30      0.00 6.833e-01 3.014e-01 1.746e-03 2.526e-03 5.926e-03 -1.000 1.529e-02 -5.065 -0.365 -2.396 -4.004 -4.884 -5.623 -6.684 -7.419 -7.611
0.0152 0.01508 7.60206 7.7685112953 2.6227321625    7.768  3.898  3.6001  0.782    4  0.000  0.393     0.00     0.00     0.00     0.00     0.00 -1    -1e-30      0.00 6.833e-01 3.014e-01 1.746e-03 2.525e-03 5.926e-03 -1.000 1.529e-02 -4.976 -0.406 -2.388 -3.975 -4.834 -5.546 -6.586 -7.309 -7.495
0.0152 0.01508 7.60206 7.7827625275 2.6227588654    7.783  3.867  3.6044  0.832    4  0.000  0.393     0.00     0.00     0.00     0.00     0.00 -1    -1e-30      0.00 6.833e-01 3.014e-01 1.746e-03 2.525e-03 5.926e-03 -1.000 1.529e-02 -4.897 -0.464 -2.386 -3.949 -4.789 -5.479 -6.497 -7.208 -7.387
0.0152 0.01508 7.60206 7.8082160950 2.6228060722    7.808  3.838  3.6105  0.886    4  0.000  0.393     0.00     0.00     0.00     0.00     0.00 -1    -1e-30      0.00 6.833e-01 3.014e-01 1.746e-03 2.525e-03 5.926e-03 -1.000 1.529e-02 -4.826 -0.575 -2.421 -3.952 -4.766 -5.425 -6.414 -7.106 -7.277
0.0152 0.01508 7.60206 7.8214492798 2.6228306293    7.822  3.833  3.6134  0.904    4  0.000  0.393     0.00     0.00     0.00     0.00     0.00 -1    -1e-30      0.00 6.833e-01 3.014e-01 1.746e-03 2.525e-03 5.927e-03 -1.000 1.529e-02 -4.813 -0.647 -2.455 -3.971 -4.773 -5.419 -6.395 -7.078 -7.245
0.0152 0.01508 7.60206 7.8333144188 2.6228525639    7.834  3.846  3.6173  0.908    5  0.000  0.393     0.00     0.00     0.00     0.00     0.00 -1    -1e-30      0.00 6.834e-01 3.014e-01 1.746e-03 2.524e-03 5.927e-03 -1.000 1.529e-02 -4.844 -0.777 -2.544 -4.043 -4.830 -5.461 -6.419 -7.089 -7.251
0.0152 0.01508 7.60206 7.8438186646 2.6228718758    7.844  3.882  3.6256  0.905    5  0.000  0.393     0.00     0.00     0.00     0.00     0.00 -1    -1e-30      0.00 6.834e-01 3.013e-01 1.747e-03 2.524e-03 5.927e-03 -1.000 1.529e-02 -4.935 -1.078 -2.754 -4.217 -4.974 -5.574 -6.496 -7.137 -7.291
0.0152 0.01508 7.60206 7.8470249176 2.6228775978    7.847  3.901  3.6311  0.907    5  0.000  0.393     0.00     0.00     0.00     0.00     0.00 -1    -1e-30      0.00 6.834e-01 3.013e-01 1.747e-03 2.524e-03 5.927e-03 -1.000 1.529e-02 -4.984 -1.271 -2.881 -4.318 -5.055 -5.637 -6.535 -7.158 -7.305
0.0152 0.01508 7.60206 7.8485159874 2.6228804588    7.849  3.922  3.6400  0.923    5  0.000  0.393     0.00     0.00     0.00     0.00     0.00 -1    -1e-30      0.00 6.834e-01 3.013e-01 1.747e-03 2.524e-03 5.927e-03 -1.000 1.529e-02 -5.034 -1.565 -3.055 -4.448 -5.153 -5.708 -6.567 -7.162 -7.299
0.0152 0.01508 7.60206 7.8490076065 2.6228811741    7.849  3.928  3.6431  0.929    5  0.000  0.393     0.00     0.00     0.00     0.00     0.00 -1    -1e-30      0.00 6.834e-01 3.013e-01 1.747e-03 2.524e-03 5.927e-03 -1.000 1.529e-02 -5.051 -1.664 -3.113 -4.489 -5.185 -5.731 -6.577 -7.163 -7.296
0.0152 0.01508 7.60206 7.8492593765 2.6228816509    7.850  3.931  3.6488  0.949    5  0.000  0.393     0.00     0.00     0.00     0.00     0.00 -1    -1e-30      0.00 6.834e-01 3.013e-01 1.747e-03 2.524e-03 5.927e-03 -1.000 1.529e-02 -5.058 -1.831 -3.199 -4.543 -5.220 -5.750 -6.571 -7.140 -7.267
0.0152 0.01508 7.60206 7.8495054245 2.6228821278    7.850  3.934  3.6559  0.974    5  0.000  0.393     0.00     0.00     0.00     0.00     0.00 -1    -1e-30      0.00 6.834e-01 3.013e-01 1.747e-03 2.524e-03 5.927e-03 -1.000 1.528e-02 -5.066 -2.033 -3.300 -4.604 -5.259 -5.770 -6.560 -7.110 -7.228
0.0152 0.01508 7.60206 7.8497061729 2.6228826046    7.850  3.937  3.6618  0.996    5  0.000  0.393     0.00     0.00     0.00     0.00     0.00 -1    -1e-30      0.00 6.834e-01 3.013e-01 1.747e-03 2.524e-03 5.927e-03 -1.000 1.528e-02 -5.071 -2.160 -3.375 -4.647 -5.288 -5.787 -6.552 -7.091 -7.200
0.0152 0.01508 7.60206 7.8498911858 2.6228828430    7.850  3.939  3.6672  1.015    5  0.000  0.393     0.00     0.00     0.00     0.00     0.00 -1    -1e-30      0.00 6.834e-01 3.013e-01 1.747e-03 2.524e-03 5.927e-03 -1.000 1.528e-02 -5.077 -2.247 -3.436 -4.681 -5.312 -5.803 -6.545 -7.076 -7.175
0.0152 0.01508 7.60206 7.8500771523 2.6228833199    7.851  3.941  3.6727  1.035    5  0.000  0.393     0.00     0.00     0.00     0.00     0.00 -1    -1e-30      0.00 6.834e-01 3.013e-01 1.747e-03 2.524e-03 5.927e-03 -1.000 1.528e-02 -5.082 -2.332 -3.495 -4.714 -5.335 -5.817 -6.537 -7.059 -7.149
0.0152 0.01508 7.60206 7.8502697945 2.6228835583    7.851  3.943  3.6787  1.057    5  0.000  0.393     0.00     0.00     0.00     0.00     0.00 -1    -1e-30      0.00 6.834e-01 3.013e-01 1.747e-03 2.524e-03 5.927e-03 -1.000 1.528e-02 -5.087 -2.427 -3.558 -4.747 -5.356 -5.830 -6.525 -7.037 -7.119
0.0152 0.01508 7.60206 7.8504743576 2.6228840351    7.851  3.944  3.6850  1.081    5  0.000  0.393     0.00     0.00     0.00     0.00     0.00 -1    -1e-30      0.00 6.834e-01 3.013e-01 1.747e-03 2.524e-03 5.927e-03 -1.000 1.528e-02 -5.091 -2.522 -3.621 -4.778 -5.375 -5.841 -6.511 -7.012 -7.086
0.0152 0.01508 7.60206 7.8506956100 2.6228842735    7.851  3.946  3.6915  1.105    5  0.000  0.393     0.00     0.00     0.00     0.00     0.00 -1    -1e-30      0.00 6.834e-01 3.013e-01 1.747e-03 2.524e-03 5.927e-03 -1.000 1.528e-02 -5.095 -2.670 -3.695 -4.815 -5.395 -5.850 -6.494 -6.978 -7.048
0.0152 0.01508 7.60206 7.8509402275 2.6228847504    7.851  3.947  3.6979  1.129    5  0.000  0.393     0.00     0.00     0.00     0.00     0.00 -1    -1e-30      0.00 6.834e-01 3.013e-01 1.747e-03 2.524e-03 5.927e-03 -1.000 1.528e-02 -5.098 -2.814 -3.768 -4.851 -5.413 -5.856 -6.476 -6.943 -7.010
0.0152 0.01508 7.60206 7.8512148857 2.6228852272    7.852  3.950  3.7048  1.154    5  0.000  0.393     0.00     0.00     0.00     0.00     0.00 -1    -1e-30      0.00 6.834e-01 3.013e-01 1.747e-03 2.524e-03 5.927e-03 -1.000 1.528e-02 -5.105 -2.967 -3.848 -4.890 -5.433 -5.863 -6.458 -6.906 -6.970
0.0152 0.01508 7.60206 7.8515295982 2.6228859425    7.852  3.953  3.7120  1.180    5  0.000  0.393     0.00     0.00     0.00     0.00     0.00 -1    -1e-30      0.00 6.834e-01 3.013e-01 1.747e-03 2.524e-03 5.927e-03 -1.000 1.528e-02 -5.113 -3.120 -3.931 -4.931 -5.453 -5.870 -6.439 -6.866 -6.928
0.0152 0.01508 7.60206 7.8518972397 2.6228866577    7.852  3.956  3.7194  1.206    5  0.000  0.393     0.00     0.00     0.00     0.00     0.00 -1    -1e-30      0.00 6.834e-01 3.013e-01 1.747e-03 2.524e-03 5.927e-03 -1.000 1.528e-02 -5.121 -3.270 -4.015 -4.971 -5.473 -5.875 -6.419 -6.825 -6.886
0.0152 0.01508 7.60206 7.8523387909 2.6228873730    7.853  3.960  3.7269  1.232    5  0.000  0.393     0.00     0.00     0.00     0.00     0.00 -1    -1e-30      0.00 6.834e-01 3.013e-01 1.747e-03 2.524e-03 5.927e-03 -1.000 1.528e-02 -5.130 -3.418 -4.100 -5.010 -5.491 -5.879 -6.398 -6.782 -6.843
0.0152 0.01508 7.60206 7.8528895378 2.6228883266    7.853  3.965  3.7348  1.259    5  0.000  0.393     0.00     0.00     0.00     0.00     0.00 -1    -1e-30      0.00 6.834e-01 3.013e-01 1.747e-03 2.524e-03 5.927e-03 -1.000 1.528e-02 -5.142 -3.560 -4.187 -5.051 -5.511 -5.884 -6.377 -6.741 -6.801
0.0152 0.01508 7.60206 7.8535981178 2.6228897572    7.854  3.971  3.7431  1.287    5  0.000  0.393     0.00     0.00     0.00     0.00     0.00 -1    -1e-30      0.00 6.834e-01 3.013e-01 1.747e-03 2.524e-03 5.927e-03 -1.000 1.528e-02 -5.157 -3.720 -4.283 -5.095 -5.531 -5.887 -6.356 -6.697 -6.756
0.0152 0.01508 7.60206 7.8545341492 2.6228914261    7.855  3.980  3.7585  1.339    5  0.000  0.393     0.00     0.00     0.00     0.00     0.00 -1    -1e-30      0.00 6.834e-01 3.013e-01 1.747e-03 2.524e-03 5.927e-03 -1.000 1.528e-02 -5.179 -3.999 -4.451 -5.163 -5.554 -5.880 -6.305 -6.608 -6.661
0.0152 0.01508 7.60206 7.8557581902 2.6228935719    7.856  3.990  3.7857  1.438    5  0.000  0.393     0.00     0.00     0.00     0.00     0.00 -1    -1e-30      0.00 6.834e-01 3.013e-01 1.747e-03 2.524e-03 5.927e-03 -1.000 1.528e-02 -5.204 -4.388 -4.721 -5.256 -5.565 -5.831 -6.183 -6.422 -6.465
0.0152 0.01508 7.60206 7.8572721481 2.6228964329    7.858  3.996  3.8156  1.551    5  0.000  0.393     0.00     0.00     0.00     0.00     0.00 -1    -1e-30      0.00 6.834e-01 3.013e-01 1.747e-03 2.524e-03 5.927e-03 -1.000 1.528e-02 -5.221 -4.679 -4.949 -5.318 -5.547 -5.754 -6.033 -6.211 -6.244
0.0152 0.01508 7.60206 7.8590116501 2.6228995323    7.859  4.001  3.8411  1.648    5  0.000  0.393     0.00     0.00     0.00     0.00     0.00 -1    -1e-30      0.00 6.834e-01 3.013e-01 1.747e-03 2.524e-03 5.927e-03 -1.000 1.528e-02 -5.234 -4.861 -5.108 -5.352 -5.519 -5.677 -5.899 -6.030 -6.057
0.0152 0.01508 7.60206 7.8609204292 2.6229031086    7.861  4.006  3.8594  1.717    5  0.000  0.393     0.00     0.00     0.00     0.00     0.00 -1    -1e-30      0.00 6.834e-01 3.013e-01 1.747e-03 2.524e-03 5.927e-03 -1.000 1.528e-02 -5.245 -4.975 -5.203 -5.369 -5.494 -5.620 -5.802 -5.904 -5.927
0.0152 0.01508 7.60206 7.8629832268 2.6229069233    7.864  4.011  3.8742  1.772    5  0.000  0.393     0.00     0.00     0.00     0.00     0.00 -1    -1e-30      0.00 6.834e-01 3.013e-01 1.747e-03 2.524e-03 5.927e-03 -1.000 1.528e-02 -5.256 -5.061 -5.261 -5.376 -5.473 -5.574 -5.726 -5.807 -5.826
0.0152 0.01508 7.60206 7.8651914597 2.6229107380    7.866  4.015  3.8877  1.821    5  0.000  0.393     0.00     0.00     0.00     0.00     0.00 -1    -1e-30      0.00 6.834e-01 3.013e-01 1.747e-03 2.524e-03 5.927e-03 -1.000 1.528e-02 -5.268 -5.135 -5.303 -5.379 -5.453 -5.533 -5.657 -5.721 -5.736
0.0152 0.01508 7.60206 7.8676438332 2.6229152679    7.868  4.020  3.9010  1.870    5  0.000  0.393     0.00     0.00     0.00     0.00     0.00 -1    -1e-30      0.00 6.834e-01 3.013e-01 1.747e-03 2.524e-03 5.927e-03 -1.000 1.528e-02 -5.280 -5.203 -5.331 -5.374 -5.428 -5.491 -5.589 -5.640 -5.650
0.0152 0.01508 7.60206 7.8702878952 2.6229200363    7.871  4.025  3.9134  1.915    5  0.000  0.393     0.00     0.00     0.00     0.00     0.00 -1    -1e-30      0.00 6.834e-01 3.013e-01 1.747e-03 2.524e-03 5.927e-03 -1.000 1.528e-02 -5.292 -5.259 -5.344 -5.361 -5.401 -5.450 -5.525 -5.565 -5.571
0.0152 0.01508 7.60206 7.8729948997 2.6229250431    7.874  4.029  3.9245  1.955    5  0.000  0.393     0.00     0.00     0.00     0.00     0.00 -1    -1e-30      0.00 6.834e-01 3.013e-01 1.747e-03 2.524e-03 5.927e-03 -1.000 1.528e-02 -5.302 -5.303 -5.347 -5.344 -5.373 -5.412 -5.467 -5.498 -5.502
0.0152 0.01508 7.60206 7.8771414757 2.6229326725    7.878  4.034  3.9382  2.005    5  0.000  0.393     0.00     0.00     0.00     0.00     0.00 -1    -1e-30      0.00 6.834e-01 3.013e-01 1.747e-03 2.524e-03 5.927e-03 -1.000 1.528e-02 -5.316 -5.346 -5.337 -5.317 -5.336 -5.364 -5.396 -5.418 -5.417
0.0152 0.01508 7.60206 7.8823056221 2.6229419708    7.883  4.039  3.9485  2.041    5  0.000  0.393     0.00     0.00     0.00     0.00     0.00 -1    -1e-30      0.00 6.834e-01 3.013e-01 1.747e-03 2.524e-03 5.927e-03 -1.000 1.528e-02 -5.328 -5.370 -5.322 -5.292 -5.307 -5.328 -5.344 -5.361 -5.356
0.0152 0.01508 7.60206 7.8893494606 2.6229546070    7.890  4.044  3.9568  2.070    5  0.000  0.393     0.00     0.00     0.00     0.00     0.00 -1    -1e-30      0.00 6.834e-01 3.013e-01 1.747e-03 2.524e-03 5.927e-03 -1.000 1.528e-02 -5.341 -5.389 -5.309 -5.273 -5.284 -5.301 -5.304 -5.317 -5.309
0.0152 0.01508 7.60206 7.8940763474 2.6229631901    7.895  4.046  3.9547  2.060    6  0.000  0.393     0.00     0.00     0.00     0.00     0.00 -1    -1e-30      0.00 6.834e-01 3.013e-01 1.747e-03 2.524e-03 5.927e-03 -1.000 1.528e-02 -5.345 -5.392 -5.320 -5.285 -5.297 -5.315 -5.321 -5.335 -5.328
0.0152 0.01508 7.60206 7.9034895897 2.6229803562    7.904  4.048  3.9461  2.024    6  0.000  0.393     0.00     0.00     0.00     0.00     0.00 -1    -1e-30      0.00 6.834e-01 3.013e-01 1.747e-03 2.523e-03 5.927e-03 -1.000 1.528e-02 -5.350 -5.391 -5.351 -5.323 -5.339 -5.362 -5.381 -5.399 -5.395
0.0152 0.01508 7.60206 7.9106402397 2.6229932308    7.911  4.050  3.9388  1.993    6  0.000  0.393     0.00     0.00     0.00     0.00     0.00 -1    -1e-30      0.00 6.834e-01 3.013e-01 1.747e-03 2.523e-03 5.927e-03 -1.000 1.528e-02 -5.355 -5.387 -5.375 -5.353 -5.372 -5.400 -5.431 -5.453 -5.451
0.0152 0.01508 7.60206 7.9213871956 2.6230125427    7.922  4.053  3.9272  1.945    6  0.000  0.393     0.00     0.00     0.00     0.00     0.00 -1    -1e-30      0.00 6.834e-01 3.013e-01 1.747e-03 2.523e-03 5.927e-03 -1.000 1.528e-02 -5.362 -5.371 -5.402 -5.397 -5.423 -5.460 -5.510 -5.540 -5.542
0.0152 0.01508 7.60206 7.9301843643 2.6230282784    7.931  4.055  3.9163  1.900    6  0.000  0.393     0.00     0.00     0.00     0.00     0.00 -1    -1e-30      0.00 6.834e-01 3.013e-01 1.747e-03 2.523e-03 5.927e-03 -1.000 1.528e-02 -5.366 -5.345 -5.417 -5.429 -5.466 -5.513 -5.582 -5.619 -5.625
0.0152 0.01508 7.60206 7.9362812042 2.6230390072    7.937  4.055  3.9070  1.862    6  0.000  0.393     0.00     0.00     0.00     0.00     0.00 -1    -1e-30      0.00 6.835e-01 3.013e-01 1.747e-03 2.523e-03 5.927e-03 -1.000 1.528e-02 -5.369 -5.316 -5.422 -5.451 -5.498 -5.555 -5.641 -5.686 -5.694
0.0152 0.01508 7.60206 7.9401836395 2.6230459213    7.941  4.056  3.8997  1.833    6  0.000  0.393     0.00     0.00     0.00     0.00     0.00 -1    -1e-30      0.00 6.835e-01 3.013e-01 1.747e-03 2.523e-03 5.927e-03 -1.000 1.528e-02 -5.369 -5.290 -5.420 -5.465 -5.521 -5.585 -5.685 -5.737 -5.748
0.0152 0.01508 7.60206 7.9441838264 2.6230530739    7.945  4.055  3.8910  1.799    6  0.000  0.393     0.00     0.00     0.00     0.00     0.00 -1    -1e-30      0.00 6.835e-01 3.013e-01 1.747e-03 2.523e-03 5.927e-03 -1.000 1.528e-02 -5.369 -5.253 -5.411 -5.477 -5.544 -5.620 -5.737 -5.798 -5.811
0.0152 0.01508 7.60206 7.9473176003 2.6230587959    7.948  4.055  3.8831  1.767    6  0.000  0.393     0.00     0.00     0.00     0.00     0.00 -1    -1e-30      0.00 6.835e-01 3.013e-01 1.747e-03 2.523e-03 5.927e-03 -1.000 1.528e-02 -5.368 -5.217 -5.395 -5.483 -5.563 -5.650 -5.783 -5.853 -5.869
0.0152 0.01508 7.60206 7.9494051933 2.6230623722    7.950  4.055  3.8771  1.744    6  0.000  0.393     0.00     0.00     0.00     0.00     0.00 -1    -1e-30      0.00 6.835e-01 3.013e-01 1.747e-03 2.523e-03 5.927e-03 -1.000 1.528e-02 -5.366 -5.188 -5.381 -5.486 -5.576 -5.672 -5.818 -5.895 -5.913
0.0152 0.01508 7.60206 7.9517583847 2.6230666637    7.953  4.054  3.8692  1.714    6  0.000  0.393     0.00     0.00     0.00     0.00     0.00 -1    -1e-30      0.00 6.835e-01 3.013e-01 1.747e-03 2.523e-03 5.927e-03 -1.000 1.528e-02 -5.364 -5.148 -5.358 -5.487 -5.592 -5.701 -5.862 -5.950 -5.970
0.0152 0.01508 7.60206 7.9535984993 2.6230700016    7.955  4.053  3.8624  1.687    6  0.000  0.393     0.00     0.00     0.00     0.00     0.00 -1    -1e-30      0.00 6.835e-01 3.013e-01 1.747e-03 2.523e-03 5.927e-03 -1.000 1.528e-02 -5.362 -5.111 -5.333 -5.486 -5.605 -5.725 -5.901 -5.998 -6.020
0.0152 0.01508 7.60206 7.9552555084 2.6230728626    7.956  4.052  3.8554  1.660    6  0.000  0.393     0.00     0.00     0.00     0.00     0.00 -1    -1e-30      0.00 6.835e-01 3.013e-01 1.747e-03 2.523e-03 5.927e-03 -1.000 1.527e-02 -5.360 -5.070 -5.303 -5.483 -5.617 -5.749 -5.940 -6.048 -6.071
0.0152 0.01508 7.60206 7.9566998482 2.6230754852    7.958  4.051  3.8486  1.634    6  0.000  0.393     0.00     0.00     0.00     0.00     0.00 -1    -1e-30      0.00 6.835e-01 3.013e-01 1.747e-03 2.523e-03 5.927e-03 -1.000 1.527e-02 -5.357 -5.030 -5.271 -5.479 -5.628 -5.773 -5.978 -6.096 -6.122
0.0152 0.01508 7.60206 7.9579567909 2.6230776310    7.959  4.050  3.8420  1.609    6  0.000  0.393     0.00     0.00     0.00     0.00     0.00 -1    -1e-30      0.00 6.835e-01 3.013e-01 1.747e-03 2.523e-03 5.927e-03 -1.000 1.527e-02 -5.355 -4.988 -5.237 -5.474 -5.638 -5.795 -6.014 -6.143 -6.170
0.0152 0.01508 7.60206 7.9590945244 2.6230797768    7.960  4.057  3.8375  1.584    6  0.000  0.393     0.00     0.00     0.00     0.00     0.00 -1    -1e-30      0.00 6.835e-01 3.013e-01 1.747e-03 2.523e-03 5.927e-03 -1.000 1.527e-02 -5.372 -4.978 -5.232 -5.490 -5.664 -5.828 -6.058 -6.194 -6.223
0.0152 0.01508 7.60206 7.9593834877 2.6230802536    7.961  4.069  3.8412  1.587    6  0.000  0.393     0.00     0.00     0.00     0.00     0.00 -1    -1e-30      0.00 6.835e-01 3.013e-01 1.747e-03 2.523e-03 5.927e-03 -1.000 1.527e-02 -5.402 -5.031 -5.282 -5.522 -5.687 -5.845 -6.066 -6.196 -6.224
0.0152 0.01508 7.60206 7.9594860077 2.6230802536    7.961  4.073  3.8452  1.599    6  0.000  0.393     0.00     0.00     0.00     0.00     0.00 -1    -1e-30      0.00 6.835e-01 3.013e-01 1.747e-03 2.523e-03 5.927e-03 -1.000 1.527e-02 -5.412 -5.066 -5.311 -5.533 -5.689 -5.839 -6.051 -6.175 -6.202
0.0152 0.01508 7.60206 7.9595813751 2.6230804920    7.961  4.075  3.8503  1.617    6  0.000  0.393     0.00     0.00     0.00     0.00     0.00 -1    -1e-30      0.00 6.835e-01 3.013e-01 1.747e-03 2.523e-03 5.927e-03 -1.000 1.527e-02 -5.418 -5.101 -5.342 -5.541 -5.685 -5.827 -6.028 -6.144 -6.169
0.0152 0.01508 7.60206 7.9596619606 2.6230807304    7.961  4.076  3.8552  1.635    6  0.000  0.393     0.00     0.00     0.00     0.00     0.00 -1    -1e-30      0.00 6.835e-01 3.013e-01 1.747e-03 2.523e-03 5.927e-03 -1.000 1.527e-02 -5.421 -5.132 -5.365 -5.545 -5.679 -5.811 -6.002 -6.110 -6.134
0.0152 0.01508 7.60206 7.9597382545 2.6230807304    7.961  4.077  3.8600  1.654    6  0.000  0.393     0.00     0.00     0.00     0.00     0.00 -1    -1e-30      0.00 6.835e-01 3.013e-01 1.747e-03 2.523e-03 5.927e-03 -1.000 1.527e-02 -5.422 -5.159 -5.387 -5.547 -5.670 -5.793 -5.974 -6.075 -6.097
0.0152 0.01508 7.60206 7.9598145485 2.6230809689    7.961  4.076  3.8647  1.673    6  0.000  0.393     0.00     0.00     0.00     0.00     0.00 -1    -1e-30      0.00 6.835e-01 3.013e-01 1.747e-03 2.523e-03 5.927e-03 -1.000 1.527e-02 -5.421 -5.183 -5.401 -5.545 -5.658 -5.775 -5.945 -6.039 -6.060
0.0152 0.01508 7.60206 7.9598951340 2.6230809689    7.961  4.075  3.8693  1.693    6  0.000  0.393     0.00     0.00     0.00     0.00     0.00 -1    -1e-30      0.00 6.835e-01 3.013e-01 1.747e-03 2.523e-03 5.927e-03 -1.000 1.527e-02 -5.419 -5.204 -5.413 -5.542 -5.646 -5.754 -5.915 -6.003 -6.023
0.0152 0.01508 7.60206 7.9599847794 2.6230812073    7.961  4.074  3.8739  1.713    6  0.000  0.393     0.00     0.00     0.00     0.00     0.00 -1    -1e-30      0.00 6.835e-01 3.013e-01 1.747e-03 2.523e-03 5.927e-03 -1.000 1.527e-02 -5.415 -5.223 -5.422 -5.536 -5.632 -5.733 -5.884 -5.966 -5.984
0.0152 0.01508 7.60206 7.9600896835 2.6230814457    7.961  4.072  3.8784  1.733    6  0.000  0.393     0.00     0.00     0.00     0.00     0.00 -1    -1e-30      0.00 6.835e-01 3.013e-01 1.747e-03 2.523e-03 5.927e-03 -1.000 1.527e-02 -5.410 -5.239 -5.428 -5.528 -5.616 -5.710 -5.853 -5.928 -5.945
0.0152 0.01508 7.60206 7.9602713585 2.6230816841    7.961  4.068  3.8837  1.758    6  0.000  0.393     0.00     0.00     0.00     0.00     0.00 -1    -1e-30      0.00 6.835e-01 3.013e-01 1.747e-03 2.523e-03 5.927e-03 -1.000 1.527e-02 -5.400 -5.253 -5.430 -5.515 -5.594 -5.680 -5.812 -5.881 -5.897
0.0152 0.01508 7.60206 7.9610042572 2.6230831146    7.962  4.061  3.8856  1.772    6  0.000  0.393     0.00     0.00     0.00     0.00     0.00 -1    -1e-30      0.00 6.835e-01 3.013e-01 1.747e-03 2.523e-03 5.927e-03 -1.000 1.527e-02 -5.383 -5.244 -5.416 -5.496 -5.573 -5.656 -5.784 -5.851 -5.866
0.0152 0.01508 7.60206 7.9629135132 2.6230864525    7.964  4.061  3.8774  1.739    6  0.000  0.393     0.00     0.00     0.00     0.00     0.00 -1    -1e-30      0.00 6.835e-01 3.012e-01 1.747e-03 2.523e-03 5.927e-03 -1.000 1.527e-02 -5.383 -5.206 -5.398 -5.502 -5.592 -5.688 -5.832 -5.909 -5.927
0.0152 0.01508 7.60206 7.9666943550 2.6230931282    7.968  4.060  3.8657  1.694    6  0.000  0.393     0.00     0.00     0.00     0.00     0.00 -1    -1e-30      0.00 6.835e-01 3.012e-01 1.747e-03 2.523e-03 5.927e-03 -1.000 1.527e-02 -5.381 -5.147 -5.363 -5.505 -5.616 -5.731 -5.900 -5.992 -6.013
0.0152 0.01508 7.60206 7.9702601433 2.6230993271    7.971  4.059  3.8534  1.646    6  0.000  0.393     0.00     0.00     0.00     0.00     0.00 -1    -1e-30      0.00 6.835e-01 3.012e-01 1.747e-03 2.522e-03 5.927e-03 -1.000 1.527e-02 -5.378 -5.078 -5.314 -5.501 -5.639 -5.775 -5.969 -6.080 -6.104
0.0152 0.01508 7.60206 7.9733247757 2.6231048107    7.975  4.058  3.8410  1.598    6  0.000  0.393     0.00     0.00     0.00     0.00     0.00 -1    -1e-30      0.00 6.835e-01 3.012e-01 1.747e-03 2.522e-03 5.927e-03 -1.000 1.527e-02 -5.374 -5.002 -5.252 -5.493 -5.659 -5.817 -6.039 -6.170 -6.197
0.0152 0.01508 7.60206 7.9757423401 2.6231091022    7.977  4.056  3.8296  1.554    6  0.000  0.393     0.00     0.00     0.00     0.00     0.00 -1    -1e-30      0.00 6.835e-01 3.012e-01 1.747e-03 2.522e-03 5.927e-03 -1.000 1.527e-02 -5.370 -4.925 -5.186 -5.483 -5.676 -5.856 -6.102 -6.253 -6.282
0.0152 0.01508 7.60206 7.9774379730 2.6231122017    7.979  4.055  3.8206  1.520    6  0.000  0.393     0.00     0.00     0.00     0.00     0.00 -1    -1e-30      0.00 6.835e-01 3.012e-01 1.747e-03 2.522e-03 5.927e-03 -1.000 1.527e-02 -5.366 -4.859 -5.129 -5.471 -5.686 -5.883 -6.150 -6.317 -6.349
0.0152 0.01508 7.60206 7.9793438911 2.6231155396    7.981  4.053  3.8091  1.476    6  0.000  0.393     0.00     0.00     0.00     0.00     0.00 -1    -1e-30      0.00 6.835e-01 3.012e-01 1.747e-03 2.522e-03 5.927e-03 -1.000 1.527e-02 -5.361 -4.764 -5.051 -5.454 -5.698 -5.917 -6.210 -6.400 -6.434
0.0152 0.01508 7.60206 7.9809947014 2.6231184006    7.982  4.050  3.7977  1.433    6  0.000  0.393     0.00     0.00     0.00     0.00     0.00 -1    -1e-30      0.00 6.835e-01 3.012e-01 1.748e-03 2.522e-03 5.927e-03 -1.000 1.527e-02 -5.356 -4.663 -4.967 -5.431 -5.705 -5.947 -6.268 -6.480 -6.519
0.0152 0.01508 7.60206 7.9822726250 2.6231205463    7.984  4.048  3.7880  1.396    6  0.000  0.393     0.00     0.00     0.00     0.00     0.00 -1    -1e-30      0.00 6.835e-01 3.012e-01 1.748e-03 2.522e-03 5.927e-03 -1.000 1.527e-02 -5.351 -4.559 -4.888 -5.409 -5.711 -5.971 -6.317 -6.550 -6.592
0.0152 0.01508 7.60206 7.9834260941 2.6231226921    7.985  4.046  3.7780  1.358    6  0.000  0.393     0.00     0.00     0.00     0.00     0.00 -1    -1e-30      0.00 6.835e-01 3.012e-01 1.748e-03 2.522e-03 5.927e-03 -1.000 1.527e-02 -5.346 -4.428 -4.798 -5.384 -5.716 -5.998 -6.368 -6.623 -6.669
0.0152 0.01508 7.60206 7.9844260216 2.6231243610    7.986  4.044  3.7681  1.321    6  0.000  0.393     0.00     0.00     0.00     0.00     0.00 -1    -1e-30      0.00 6.835e-01 3.012e-01 1.748e-03 2.522e-03 5.927e-03 -1.000 1.527e-02 -5.341 -4.286 -4.698 -5.351 -5.715 -6.021 -6.419 -6.699 -6.749
0.0152 0.01508 7.60206 7.9853000641 2.6231260300    7.987  4.042  3.7587  1.285    6  0.000  0.393     0.00     0.00     0.00     0.00     0.00 -1    -1e-30      0.00 6.835e-01 3.012e-01 1.748e-03 2.522e-03 5.927e-03 -1.000 1.527e-02 -5.335 -4.152 -4.610 -5.321 -5.712 -6.037 -6.460 -6.762 -6.815
0.0152 0.01508 7.60206 7.9860630035 2.6231272221    7.987  4.040  3.7494  1.250    6  0.000  0.393     0.00     0.00     0.00     0.00     0.00 -1    -1e-30      0.00 6.835e-01 3.012e-01 1.748e-03 2.522e-03 5.927e-03 -1.000 1.527e-02 -5.330 -4.010 -4.523 -5.290 -5.705 -6.048 -6.497 -6.820 -6.876
0.0152 0.01508 7.60206 7.9868893623 2.6231286526    7.988  4.037  3.7382  1.208    6  0.000  0.393     0.00     0.00     0.00     0.00     0.00 -1    -1e-30      0.00 6.835e-01 3.012e-01 1.748e-03 2.522e-03 5.927e-03 -1.000 1.527e-02 -5.322 -3.773 -4.393 -5.244 -5.696 -6.063 -6.546 -6.899 -6.960
0.0152 0.01508 7.60206 7.9874658585 2.6231298447    7.989  4.035  3.7294  1.176    6  0.000  0.393     0.00     0.00     0.00     0.00     0.00 -1    -1e-30      0.00 6.835e-01 3.012e-01 1.748e-03 2.522e-03 5.927e-03 -1.000 1.527e-02 -5.316 -3.628 -4.306 -5.207 -5.682 -6.065 -6.575 -6.951 -7.012
0.0152 0.01508 7.60206 7.9879846573 2.6231307983    7.989  4.032  3.7210  1.145    6  0.000  0.393     0.00     0.00     0.00     0.00     0.00 -1    -1e-30      0.00 6.835e-01 3.012e-01 1.748e-03 2.522e-03 5.927e-03 -1.000 1.527e-02 -5.310 -3.467 -4.214 -5.167 -5.666 -6.065 -6.603 -7.003 -7.065
0.0152 0.01508 7.60206 7.9884743690 2.6231315136    7.990  4.029  3.7125  1.113    6  0.000  0.393     0.00     0.00     0.00     0.00     0.00 -1    -1e-30      0.00 6.835e-01 3.012e-01 1.748e-03 2.522e-03 5.927e-03 -1.000 1.527e-02 -5.303 -3.293 -4.118 -5.122 -5.646 -6.062 -6.629 -7.053 -7.116
0.0152 0.01508 7.60206 7.9889683723 2.6231324673    7.990  4.025  3.7039  1.083    6  0.000  0.393     0.00     0.00     0.00     0.00     0.00 -1    -1e-30      0.00 6.835e-01 3.012e-01 1.748e-03 2.522e-03 5.927e-03 -1.000 1.527e-02 -5.294 -3.109 -4.018 -5.074 -5.621 -6.054 -6.652 -7.101 -7.165
0.0152 0.01508 7.60206 7.9894990921 2.6231334209    7.991  4.020  3.6947  1.051    6  0.000  0.393     0.00     0.00     0.00     0.00     0.00 -1    -1e-30      0.00 6.835e-01 3.012e-01 1.748e-03 2.522e-03 5.927e-03 -1.000 1.527e-02 -5.280 -2.899 -3.906 -5.016 -5.589 -6.039 -6.671 -7.145 -7.214
0.0152 0.01508 7.60206 7.9901871681 2.6231346130    7.992  4.012  3.6847  1.019    6  0.000  0.393     0.00     0.00     0.00     0.00     0.00 -1    -1e-30      0.00 6.835e-01 3.012e-01 1.748e-03 2.522e-03 5.927e-03 -1.000 1.527e-02 -5.260 -2.662 -3.779 -4.946 -5.545 -6.012 -6.684 -7.184 -7.258
0.0152 0.01508 7.60206 7.9910788536 2.6231360435    7.992  3.998  3.6722  0.983    6  0.000  0.393     0.00     0.00     0.00     0.00     0.00 -1    -1e-30      0.00 6.835e-01 3.012e-01 1.748e-03 2.522e-03 5.927e-03 -1.000 1.527e-02 -5.225 -2.449 -3.627 -4.854 -5.477 -5.960 -6.682 -7.204 -7.296
0.0152 0.01508 7.60206 7.9919009209 2.6231374741    7.993  3.983  3.6597  0.949    6  0.000  0.393     0.00     0.00     0.00     0.00     0.00 -1    -1e-30      0.00 6.835e-01 3.012e-01 1.748e-03 2.522e-03 5.927e-03 -1.000 1.527e-02 -5.187 -2.218 -3.460 -4.750 -5.396 -5.899 -6.674 -7.214 -7.328
0.0152 0.01508 7.60206 7.9937186241 2.6231408119    7.995  3.971  3.6337  0.857    6  0.000  0.393     0.00     0.00     0.00     0.00     0.00 -1    -1e-30      0.00 6.835e-01 3.012e-01 1.748e-03 2.522e-03 5.927e-03 -1.000 1.527e-02 -5.157 -1.482 -3.081 -4.514 -5.243 -5.817 -6.705 -7.317 -7.461
0.0152 0.01508 7.60206 8.0000000000 2.6231517792    8.001  3.967  3.6163  0.792    6  0.000  0.393     0.00     0.00     0.00     0.00     0.00 -1    -1e-30      0.00 6.835e-01 3.012e-01 1.748e-03 2.522e-03 5.927e-03 -1.000 1.527e-02 -5.146 -0.972 -2.808 -4.332 -5.127 -5.763 -6.728 -7.395 -7.561
0.0152 0.01508 7.60206 8.0057439804 2.6231617928    8.007  3.963  3.6009  0.734    6  0.000  0.393     0.00     0.00     0.00     0.00     0.00 -1    -1e-30      0.00 6.835e-01 3.012e-01 1.748e-03 2.522e-03 5.927e-03 -1.000 1.527e-02 -5.137 -0.551 -2.552 -4.144 -5.003 -5.710 -6.747 -7.465 -7.651
0.0152 0.01508 7.60206 8.0088901520 2.6231672764    8.010  3.999  3.5951  0.675    6  0.000  0.393     0.00     0.00     0.00     0.00     0.00 -1    -1e-30      0.00 6.835e-01 3.012e-01 1.748e-03 2.522e-03 5.927e-03 -1.000 1.527e-02 -5.227 -0.469 -2.533 -4.153 -5.038 -5.782 -6.848 -7.583 -7.778
0.0152 0.01508 7.60206 8.0092630386 2.6231679916    8.010  4.011  3.5934  0.656    6  0.000  0.393     0.00     0.00     0.00     0.00     0.00 -1    -1e-30      0.00 6.835e-01 3.012e-01 1.748e-03 2.522e-03 5.927e-03 -1.000 1.527e-02 -5.258 -0.450 -2.532 -4.161 -5.054 -5.808 -6.883 -7.622 -7.820
0.0152 0.01508 7.60206 8.0093755722 2.6231682301    8.010  4.019  3.5925  0.644    7  0.000  0.393     0.00     0.00     0.00     0.00     0.00 -1    -1e-30      0.00 6.835e-01 3.012e-01 1.748e-03 2.522e-03 5.927e-03 -1.000 1.527e-02 -5.278 -0.440 -2.533 -4.167 -5.065 -5.825 -6.905 -7.647 -7.846
0.0152 0.01508 7.60206 8.0105199814 2.6231701374    8.012  4.034  3.5908  0.623    7  0.000  0.393     0.00     0.00     0.00     0.00     0.00 -1    -1e-30      0.00 6.835e-01 3.012e-01 1.748e-03 2.522e-03 5.927e-03 -1.000 1.527e-02 -5.315 -0.424 -2.537 -4.180 -5.086 -5.857 -6.946 -7.692 -7.894
0.0152 0.01508 7.60206 8.0112380981 2.6231715679    8.012  4.065  3.5871  0.577    7  0.000  0.393     0.00     0.00     0.00     0.00     0.00 -1    -1e-30      0.00 6.835e-01 3.012e-01 1.748e-03 2.522e-03 5.927e-03 -1.000 1.527e-02 -5.392 -0.395 -2.539 -4.198 -5.122 -5.922 -7.031 -7.788 -7.995
0.0152 0.01508 7.60206 8.0116539001 2.6231722832    8.013  4.088  3.5846  0.545    7  0.000  0.393     0.00     0.00     0.00     0.00     0.00 -1    -1e-30      0.00 6.835e-01 3.012e-01 1.748e-03 2.522e-03 5.927e-03 -1.000 1.527e-02 -5.449 -0.380 -2.545 -4.214 -5.151 -5.971 -7.094 -7.857 -8.068
0.0152 0.01508 7.60206 8.0123004913 2.6231732368    8.013  4.115  3.5817  0.505    7  0.000  0.393     0.00     0.00     0.00     0.00     0.00 -1    -1e-30      0.00 6.835e-01 3.012e-01 1.747e-03 2.523e-03 5.927e-03 -1.000 1.527e-02 -5.518 -0.364 -2.553 -4.234 -5.186 -6.031 -7.170 -7.941 -8.157
0.0152 0.01508 7.60206 8.0131378174 2.6231746674    8.014  4.144  3.5787  0.465    7  0.000  0.392     0.00     0.00     0.00     0.00     0.00 -1    -1e-30      0.00 6.835e-01 3.012e-01 1.742e-03 2.527e-03 5.927e-03 -1.000 1.527e-02 -5.589 -0.348 -2.555 -4.248 -5.217 -6.091 -7.248 -8.027 -8.247
0.0152 0.01508 7.60206 8.0139484406 2.6231760979    8.015  4.167  3.5762  0.432    7  0.000  0.389     0.00     0.00     0.00     0.00     0.00 -1    -1e-30      0.00 6.835e-01 3.012e-01 1.733e-03 2.538e-03 5.927e-03 -1.000 1.527e-02 -5.648 -0.338 -2.553 -4.253 -5.238 -6.140 -7.314 -8.098 -8.323
0.0152 0.01508 7.60206 8.0149984360 2.6231780052    8.016  4.198  3.5729  0.387    7  0.000  0.387     0.00     0.00     0.00     0.00     0.00 -1    -1e-30      0.00 6.835e-01 3.012e-01 1.725e-03 2.548e-03 5.927e-03 -1.000 1.527e-02 -5.726 -0.324 -2.550 -4.258 -5.264 -6.205 -7.400 -8.192 -8.422
0.0152 0.01508 7.60206 8.0161981583 2.6231801510    8.017  4.240  3.5685  0.328    7  0.000  0.386     0.00     0.00     0.00     0.00     0.00 -1    -1e-30      0.00 6.835e-01 3.012e-01 1.719e-03 2.556e-03 5.927e-03 -1.000 1.533e-02 -5.830 -0.311 -2.540 -4.258 -5.294 -6.291 -7.517 -8.318 -8.556
0.0152 0.01508 7.60206 8.0174026489 2.6231822968    8.019  4.279  3.5644  0.273    7  0.000  0.385     0.00     0.00     0.00     0.00     0.00 -1    -1e-30      0.00 6.835e-01 3.012e-01 1.712e-03 2.564e-03 5.925e-03 -1.000 1.533e-02 -5.927 -0.305 -2.522 -4.243 -5.311 -6.368 -7.625 -8.436 -8.680
0.0152 0.01508 7.60206 8.0185222626 2.6231842041    8.020  4.312  3.5606  0.224    7  0.000  0.383     0.00     0.00     0.00     0.00     0.00 -1    -1e-30      0.00 6.834e-01 3.013e-01 1.703e-03 2.580e-03 5.919e-03 -1.000 1.535e-02 -6.011 -0.300 -2.504 -4.227 -5.324 -6.434 -7.720 -8.539 -8.790
0.0152 0.01508 7.60206 8.0195446014 2.6231858730    8.021  4.345  3.5570  0.177    7  0.000  0.382     0.00     0.00     0.00     0.00     0.00 -1    -1e-30      0.00 6.826e-01 3.020e-01 1.693e-03 2.609e-03 5.900e-03 -1.000 1.537e-02 -6.093 -0.294 -2.472 -4.189 -5.321 -6.493 -7.813 -8.639 -8.896
0.0152 0.01508 7.60206 8.0210638046 2.6231884956    8.022  4.381  3.5534  0.127    7  0.000  0.381     0.00     0.00     0.00     0.00     0.00 -1    -1e-30      0.00 6.775e-01 3.071e-01 1.677e-03 2.663e-03 5.860e-03 -1.000 1.537e-02 -6.182 -0.296 -2.445 -4.156 -5.323 -6.558 -7.913 -8.746 -9.009
0.0152 0.01508 7.60206 8.0254507065 2.6231961250    8.026  4.435  3.5481  0.052    7  0.000  0.380     0.00     0.00     0.00     0.00     0.00 -1    -1e-30      0.00 6.654e-01 3.193e-01 1.644e-03 2.787e-03 5.767e-03 -1.000 1.531e-02 -6.318 -0.302 -2.397 -4.094 -5.322 -6.654 -8.066 -8.909 -9.181
0.0152 0.01508 7.60206 8.0323781967 2.6232082844    8.033  4.508  3.5399 -0.054    7  0.000  0.379     0.00     0.00     0.00     0.00     0.00 -1    -1e-30      0.00 6.641e-01 3.206e-01 1.632e-03 2.822e-03 5.744e-03 -1.000 1.537e-02 -6.500 -0.299 -2.266 -3.929 -5.266 -6.758 -8.275 -9.131 -9.418
0.0152 0.01508 7.60206 8.0415773392 2.6232242584    8.042  4.521  3.5387 -0.071    7  0.000  0.379     0.00     0.00     0.00     0.00     0.00 -1    -1e-30      0.00 6.582e-01 3.264e-01 1.616e-03 2.894e-03 5.685e-03 -1.000 1.537e-02 -6.533 -0.304 -2.247 -3.904 -5.261 -6.775 -8.312 -9.170 -9.459
0.0152 0.01508 7.60206 8.0430517197 2.6232268810    8.044  4.504  3.5409 -0.045    7  0.000  0.379     0.00     0.00     0.00     0.00     0.00 -1    -1e-30      0.00 6.572e-01 3.275e-01 1.613e-03 2.907e-03 5.674e-03 -1.000 1.537e-02 -6.490 -0.308 -2.295 -3.964 -5.287 -6.758 -8.262 -9.116 -9.401
0.0152 0.01508 7.60206 8.0441055298 2.6232285500    8.045  4.482  3.5435 -0.013    7  0.000  0.379     0.00     0.00     0.00     0.00     0.00 -1    -1e-30      0.00 6.564e-01 3.282e-01 1.611e-03 2.915e-03 5.667e-03 -1.000 1.537e-02 -6.435 -0.311 -2.338 -4.018 -5.306 -6.727 -8.198 -9.048 -9.328
0.0152 0.01508 7.60206 8.0448780060 2.6232299805    8.046  4.461  3.5459  0.019    7  0.000  0.379     0.00     0.00     0.00     0.00     0.00 -1    -1e-30      0.00 6.559e-01 3.287e-01 1.610e-03 2.920e-03 5.663e-03 -1.000 1.537e-02 -6.382 -0.312 -2.377 -4.067 -5.323 -6.697 -8.137 -8.982 -9.259
0.0152 0.01508 7.60206 8.0464496613 2.6232326031    8.047  4.461  3.5459  0.019    7  0.000  0.379     0.00     0.00     0.00     0.00     0.00 -1    -1e-30      0.00 6.558e-01 3.288e-01 1.609e-03 2.922e-03 5.662e-03 -1.000 1.537e-02 -6.382 -0.313 -2.378 -4.068 -5.324 -6.697 -8.137 -8.983 -9.259
0.0152 0.01508 7.60206 8.0482292175 2.6232357025    8.049  4.485  3.5432 -0.016    7  0.000  0.379     0.00     0.00     0.00     0.00     0.00 -1    -1e-30      0.00 6.557e-01 3.289e-01 1.609e-03 2.923e-03 5.661e-03 -1.000 1.537e-02 -6.443 -0.312 -2.336 -4.015 -5.307 -6.733 -8.206 -9.057 -9.338
0.0152 0.01508 7.60206 8.0550241470 2.6232473850    8.056  4.513  3.5402 -0.057    7  0.000  0.379     0.00     0.00     0.00     0.00     0.00 -1    -1e-30      0.00 6.552e-01 3.295e-01 1.608e-03 2.930e-03 5.656e-03 -1.000 1.537e-02 -6.514 -0.314 -2.290 -3.956 -5.289 -6.775 -8.288 -9.143 -9.429
0.0152 0.01508 7.60206 8.0563955307 2.6232497692    8.057  4.521  3.5395 -0.067    7  0.000  0.379     0.00     0.00     0.00     0.00     0.00 -1    -1e-30      0.00 6.551e-01 3.296e-01 1.607e-03 2.931e-03 5.655e-03 -1.000 1.537e-02 -6.532 -0.315 -2.277 -3.940 -5.284 -6.784 -8.309 -9.165 -9.452
0.0152 0.01508 7.60206 8.0619211197 2.6232593060    8.063  4.520  3.5397 -0.065    7  0.000  0.379     0.00     0.00     0.00     0.00     0.00 -1    -1e-30      0.00 6.547e-01 3.300e-01 1.606e-03 2.936e-03 5.651e-03 -1.000 1.536e-02 -6.530 -0.317 -2.283 -3.947 -5.289 -6.785 -8.306 -9.162 -9.449
0.0152 0.01508 7.60206 8.0645675659 2.6232638359    8.065  4.538  3.5376 -0.091    7  0.000  0.379     0.00     0.00     0.00     0.00     0.00 -1    -1e-30      0.00 6.545e-01 3.301e-01 1.606e-03 2.938e-03 5.649e-03 -1.000 1.536e-02 -6.575 -0.316 -2.237 -3.889 -5.265 -6.802 -8.358 -9.216 -9.507
0.0152 0.01508 7.60206 8.0807390213 2.6232917309    8.081  4.541  3.5379 -0.092    7  0.000  0.379     0.00     0.00     0.00     0.00     0.00 -1    -1e-30      0.00 6.539e-01 3.307e-01 1.604e-03 2.945e-03 5.643e-03 -1.000 1.536e-02 -6.582 -0.325 -2.253 -3.908 -5.281 -6.812 -8.364 -9.222 -9.513
0.0152 0.01508 7.60206 8.1126365662 2.6233460903    8.113  4.529  3.5402 -0.069    7  0.000  0.379     0.00     0.00     0.00     0.00     0.00 -1    -1e-30      0.00 6.545e-01 3.302e-01 1.605e-03 2.940e-03 5.647e-03 -1.000 1.536e-02 -6.553 -0.344 -2.326 -3.996 -5.330 -6.815 -8.328 -9.182 -9.469
#isochrone terminated
