# File generated by CMD 3.4 (http://stev.oapd.inaf.it/cmd) on Tue Apr 13 07:44:16 CEST 2021
# isochrones based on PARSEC release v1.2S +  COLIBRI S_37 + S_35 + PR16
# Basic references: Bressan et al. (2012), MNRAS, 427, 127 + Chen et al. (2014, 2015), MNRAS, 444, 2525 + MNRAS, 452, 1068 + Tang et al. (2014), MNRAS, 445, 4287 + Marigo et al. (2017), ApJ, 835, 77 + Pastorelli al. (2019), MNRAS, 485, 5666 + Pastorelli al. (2020), MNRAS, in press
# Thermal pulse cycles included 
# On RGB, assumed Reimers mass loss with efficiency eta=0.2
# LPV periods and growth rates added cf. Trabucchi et al. (2019)
# Photometric system: <i>UBVRIJHK</i> (cf. Maiz-Apellaniz 2006 + Bessell 1990)
# Using YBC version of bolometric corrections as in Chen et al. (2019)
# O-rich circumstellar dpmod60alox40 dust from Groenewegen (2006)
# C-rich circumstellar AMCSIC15 dust from Groenewegen (2006)
# IMF: Kroupa (2001, 2002) + Kroupa et al. (2013) canonical two-part-power law IMF corrected for unresolved binaries 
# Kind of output: isochrone tables
# Zini     MH   logAge Mini        int_IMF         Mass   logL    logTe  logg  label   McoreTP C_O  period0  period1  period2  period3  period4  pmode  Mloss  tau1m   X   Y   Xc  Xn  Xo  Cexcess  Z 	 mbolmag  Umag    Bmag    Vmag    Rmag    Imag    Jmag    Hmag    Kmag
0.0152 0.01508 7.30103 0.0900000036 1.0816895962    0.090 -2.268  3.4016  4.219    0  0.000  0.545     0.00     0.00     0.00     0.00     0.00 -1 -1.78e-15      0.00 7.092e-01 2.755e-01 2.746e-03 7.408e-04 6.719e-03 -1.000 1.527e-02 10.441 18.025 16.402 14.877 12.987 10.867 8.391 7.810 7.437
0.0152 0.01508 7.30103 0.0983082131 1.1568169594    0.098 -2.212  3.4077  4.225    0  0.000  0.545     0.00     0.00     0.00     0.00     0.00 -1 -1.92e-15      0.00 7.092e-01 2.755e-01 2.746e-03 7.408e-04 6.719e-03 -1.000 1.527e-02 10.300 17.894 16.265 14.738 12.847 10.726 8.250 7.669 7.296
0.0152 0.01508 7.30103 0.1000000015 1.1711064577    0.100 -2.200  3.4090  4.226    0  0.000  0.545     0.00     0.00     0.00     0.00     0.00 -1 -1.95e-15      0.00 7.092e-01 2.755e-01 2.746e-03 7.408e-04 6.719e-03 -1.000 1.527e-02 10.271 17.866 16.237 14.709 12.819 10.698 8.221 7.640 7.267
0.0152 0.01508 7.30103 0.1173424125 1.3015439510    0.117 -2.096  3.4200  4.236    0  0.000  0.545     0.00     0.00     0.00     0.00     0.00 -1 -2.27e-15      0.00 7.092e-01 2.755e-01 2.746e-03 7.408e-04 6.719e-03 -1.000 1.527e-02 10.011 17.516 15.899 14.372 12.504 10.402 7.966 7.384 7.014
0.0152 0.01508 7.30103 0.1200000122 1.3193155527    0.120 -2.081  3.4216  4.237    0  0.000  0.545     0.00     0.00     0.00     0.00     0.00 -1 -2.32e-15      0.00 7.092e-01 2.755e-01 2.746e-03 7.408e-04 6.719e-03 -1.000 1.527e-02 9.973 17.413 15.809 14.284 12.432 10.342 7.932 7.349 6.981
0.0152 0.01508 7.30103 0.1400000006 1.4384527206    0.140 -1.980  3.4326  4.246    0  0.000  0.545     0.00     0.00     0.00     0.00     0.00 -1 -2.69e-15      0.00 7.092e-01 2.755e-01 2.746e-03 7.408e-04 6.719e-03 -1.000 1.527e-02 9.719 16.719 15.199 13.687 11.942 9.937 7.699 7.113 6.755
0.0152 0.01508 7.30103 0.1469914615 1.4749840498    0.147 -1.948  3.4362  4.250    0  0.000  0.545     0.00     0.00     0.00     0.00     0.00 -1 -2.81e-15      0.00 7.092e-01 2.755e-01 2.746e-03 7.408e-04 6.719e-03 -1.000 1.527e-02 9.640 16.507 15.011 13.508 11.795 9.814 7.626 7.039 6.685
0.0152 0.01508 7.30103 0.1756014079 1.6038603783    0.176 -1.831  3.4492  4.262    0  0.000  0.545     0.00     0.00     0.00     0.00     0.00 -1 -3.31e-15      0.00 7.092e-01 2.755e-01 2.746e-03 7.408e-04 6.719e-03 -1.000 1.527e-02 9.348 15.761 14.344 12.869 11.265 9.373 7.358 6.768 6.429
0.0152 0.01508 7.30103 0.1893748939 1.6565356255    0.189 -1.782  3.4546  4.268    0  0.000  0.545     0.00     0.00     0.00     0.00     0.00 -1 -3.53e-15      0.00 7.092e-01 2.755e-01 2.746e-03 7.408e-04 6.719e-03 -1.000 1.527e-02 9.225 15.465 14.075 12.606 11.046 9.195 7.247 6.654 6.321
0.0152 0.01508 7.30103 0.1970079243 1.6836286783    0.197 -1.757  3.4574  4.271    0  0.000  0.545     0.00     0.00     0.00     0.00     0.00 -1 -3.64e-15      0.00 7.092e-01 2.755e-01 2.746e-03 7.408e-04 6.719e-03 -1.000 1.527e-02 9.163 15.313 13.935 12.469 10.932 9.104 7.191 6.596 6.268
0.0152 0.01508 7.30103 0.2068447471 1.7165966034    0.207 -1.725  3.4608  4.274    0  0.000  0.545     0.00     0.00     0.00     0.00     0.00 -1 -3.84e-15      0.00 7.092e-01 2.755e-01 2.746e-03 7.408e-04 6.719e-03 -1.000 1.527e-02 9.083 15.127 13.765 12.303 10.792 8.990 7.117 6.521 6.196
0.0152 0.01508 7.30103 0.2250203043 1.7724587917    0.225 -1.671  3.4666  4.279    0  0.000  0.545     0.00     0.00     0.00     0.00     0.00 -1 -4.15e-15      0.00 7.092e-01 2.755e-01 2.746e-03 7.408e-04 6.719e-03 -1.000 1.527e-02 8.946 14.828 13.489 12.035 10.567 8.804 6.992 6.393 6.076
0.0152 0.01508 7.30103 0.2448428124 1.8270572424    0.245 -1.616  3.4724  4.285    0  0.000  0.545     0.00     0.00     0.00     0.00     0.00 -1 -4.49e-15      0.00 7.092e-01 2.755e-01 2.746e-03 7.408e-04 6.719e-03 -1.000 1.527e-02 8.810 14.531 13.213 11.768 10.341 8.619 6.867 6.264 5.955
0.0152 0.01508 7.30103 0.2640507817 1.8747413158    0.264 -1.568  3.4777  4.290    0  0.000  0.545     0.00     0.00     0.00     0.00     0.00 -1 -4.79e-15      0.00 7.092e-01 2.755e-01 2.746e-03 7.408e-04 6.719e-03 -1.000 1.527e-02 8.690 14.275 12.973 11.534 10.142 8.458 6.758 6.152 5.850
0.0152 0.01508 7.30103 0.2925800979 1.9378111362    0.292 -1.501  3.4850  4.298    0  0.000  0.545     0.00     0.00     0.00     0.00     0.00 -1 -5.26e-15      0.00 7.092e-01 2.755e-01 2.746e-03 7.408e-04 6.719e-03 -1.000 1.527e-02 8.524 13.935 12.647 11.210 9.863 8.240 6.609 5.997 5.704
0.0152 0.01508 7.30103 0.3000000119 1.9529139996    0.300 -1.485  3.4868  4.300    0  0.000  0.545     0.00     0.00     0.00     0.00     0.00 -1 -5.38e-15      0.00 7.092e-01 2.755e-01 2.746e-03 7.408e-04 6.719e-03 -1.000 1.527e-02 8.483 13.853 12.568 11.130 9.793 8.187 6.573 5.960 5.669
0.0152 0.01508 7.30103 0.3148775399 1.9817830324    0.315 -1.456  3.4901  4.304    0  0.000  0.545     0.00     0.00     0.00     0.00     0.00 -1 -5.59e-15      0.00 7.092e-01 2.755e-01 2.746e-03 7.408e-04 6.719e-03 -1.000 1.527e-02 8.409 13.705 12.425 10.986 9.669 8.090 6.508 5.891 5.605
0.0152 0.01508 7.30103 0.3500000238 2.0434176922    0.350 -1.389  3.4973  4.312    0  0.000  0.545     0.00     0.00     0.00     0.00     0.00 -1 -6.14e-15      0.00 7.092e-01 2.755e-01 2.746e-03 7.408e-04 6.719e-03 -1.000 1.527e-02 8.242 13.390 12.119 10.694 9.417 7.881 6.356 5.731 5.454
0.0152 0.01508 7.30103 0.3966873288 2.1139135361    0.397 -1.311  3.5058  4.322    0  0.000  0.545     0.00     0.00     0.00     0.00     0.00 -1 -6.81e-15      0.00 7.092e-01 2.755e-01 2.746e-03 7.408e-04 6.719e-03 -1.000 1.527e-02 8.048 13.037 11.773 10.362 9.129 7.643 6.181 5.546 5.280
0.0152 0.01508 7.30103 0.4000000358 2.1185026169    0.400 -1.306  3.5063  4.323    0  0.000  0.545     0.00     0.00     0.00     0.00     0.00 -1 -6.85e-15      0.00 7.092e-01 2.755e-01 2.746e-03 7.408e-04 6.719e-03 -1.000 1.527e-02 8.035 13.015 11.750 10.340 9.110 7.628 6.170 5.534 5.269
0.0152 0.01508 7.30103 0.4110713899 2.1334877014    0.411 -1.289  3.5084  4.326    0  0.000  0.545     0.00     0.00     0.00     0.00     0.00 -1 -7.01e-15      0.00 7.092e-01 2.755e-01 2.746e-03 7.408e-04 6.719e-03 -1.000 1.527e-02 7.992 12.935 11.672 10.265 9.045 7.575 6.131 5.493 5.230
0.0152 0.01508 7.30103 0.4500000477 2.1822810173    0.450 -1.231  3.5151  4.334    0  0.000  0.545     0.00     0.00     0.00     0.00     0.00 -1 -7.58e-15      0.00 7.092e-01 2.755e-01 2.746e-03 7.408e-04 6.719e-03 -1.000 1.527e-02 7.847 12.680 11.416 10.017 8.829 7.400 6.002 5.357 5.101
0.0152 0.01508 7.30103 0.4580756724 2.1917181015    0.458 -1.220  3.5165  4.336    0  0.000  0.545     0.00     0.00     0.00     0.00     0.00 -1 -7.69e-15      0.00 7.092e-01 2.755e-01 2.746e-03 7.408e-04 6.719e-03 -1.000 1.527e-02 7.819 12.630 11.365 9.968 8.786 7.366 5.978 5.331 5.076
0.0152 0.01508 7.30103 0.5000000000 2.2374541759    0.500 -1.163  3.5234  4.346    0  0.000  0.545     0.00     0.00     0.00     0.00     0.00 -1  -8.3e-15      0.00 7.092e-01 2.755e-01 2.746e-03 7.408e-04 6.719e-03 -1.000 1.527e-02 7.678 12.384 11.114 9.722 8.571 7.195 5.854 5.198 4.950
0.0152 0.01508 7.30103 0.5235671997 2.2604968548    0.523 -1.132  3.5276  4.351    0  0.000  0.545     0.00     0.00     0.00     0.00     0.00 -1 -8.66e-15      0.00 7.092e-01 2.755e-01 2.746e-03 7.408e-04 6.719e-03 -1.000 1.527e-02 7.599 12.248 10.972 9.583 8.450 7.100 5.786 5.126 4.882
0.0152 0.01508 7.30103 0.5500000119 2.2836582661    0.550 -1.096  3.5317  4.353    0  0.000  0.545     0.00     0.00     0.00     0.00     0.00 -1 -9.15e-15      0.00 7.092e-01 2.755e-01 2.746e-03 7.408e-04 6.719e-03 -1.000 1.527e-02 7.510 12.102 10.821 9.436 8.320 6.996 5.708 5.043 4.802
0.0152 0.01508 7.30103 0.5719175339 2.3010079861    0.572 -1.069  3.5355  4.359    0  0.000  0.545     0.00     0.00     0.00     0.00     0.00 -1 -9.48e-15      0.00 7.092e-01 2.755e-01 2.746e-03 7.408e-04 6.719e-03 -1.000 1.527e-02 7.444 11.986 10.699 9.317 8.216 6.916 5.651 4.982 4.745
0.0152 0.01508 7.30103 0.6000000238 2.3211214542    0.600 -1.033  3.5402  4.362    0  0.000  0.545     0.00     0.00     0.00     0.00     0.00 -1    -1e-14      0.00 7.092e-01 2.755e-01 2.746e-03 7.408e-04 6.719e-03 -1.000 1.527e-02 7.353 11.836 10.542 9.164 8.081 6.810 5.572 4.898 4.665
0.0152 0.01508 7.30103 0.6017648578 2.3223135471    0.602 -1.031  3.5405  4.362    0  0.000  0.545     0.00     0.00     0.00     0.00     0.00 -1 -1.01e-14      0.00 7.092e-01 2.755e-01 2.746e-03 7.408e-04 6.719e-03 -1.000 1.527e-02 7.348 11.827 10.532 9.154 8.072 6.804 5.568 4.893 4.661
0.0152 0.01508 7.30103 0.6423220038 2.3476469517    0.642 -0.977  3.5486  4.369    0  0.000  0.545     0.00     0.00     0.00     0.00     0.00 -1 -1.09e-14      0.00 7.092e-01 2.755e-01 2.746e-03 7.408e-04 6.719e-03 -1.000 1.527e-02 7.212 11.598 10.285 8.911 7.858 6.644 5.454 4.771 4.547
0.0152 0.01508 7.30103 0.6499999762 2.3520355225    0.650 -0.967  3.5500  4.370    0  0.000  0.545     0.00     0.00     0.00     0.00     0.00 -1 -1.11e-14      0.00 7.092e-01 2.755e-01 2.746e-03 7.408e-04 6.719e-03 -1.000 1.527e-02 7.188 11.557 10.241 8.868 7.821 6.616 5.434 4.749 4.527
0.0152 0.01508 7.30103 0.6987501979 2.3773314953    0.699 -0.888  3.5627  4.373    0  0.000  0.545     0.00     0.00     0.00     0.00     0.00 -1 -1.28e-14      0.00 7.092e-01 2.755e-01 2.746e-03 7.408e-04 6.719e-03 -1.000 1.527e-02 6.990 11.228 9.878 8.506 7.499 6.386 5.271 4.574 4.364
0.0152 0.01508 7.30103 0.7000000477 2.3779268265    0.700 -0.886  3.5630  4.373    0  0.000  0.545     0.00     0.00     0.00     0.00     0.00 -1 -1.29e-14      0.00 7.092e-01 2.755e-01 2.746e-03 7.408e-04 6.719e-03 -1.000 1.527e-02 6.984 11.219 9.867 8.496 7.490 6.379 5.266 4.569 4.360
0.0152 0.01508 7.30103 0.7500000000 2.3998889923    0.750 -0.710  3.6254  4.476    0  0.000  0.538     0.00     0.00     0.00     0.00     0.00 -1 -1.66e-14      0.00 7.092e-01 2.755e-01 2.710e-03 7.399e-04 6.720e-03 -1.000 1.527e-02 6.544 10.124 8.665 7.401 6.550 5.848 4.981 4.282 4.159
0.0152 0.01508 7.30103 0.7882728577 2.4145529270    0.788 -0.657  3.6318  4.471    0  0.000  0.538     0.00     0.00     0.00     0.00     0.00 -1 -1.83e-14      0.00 7.092e-01 2.755e-01 2.710e-03 7.399e-04 6.720e-03 -1.000 1.527e-02 6.412 9.898 8.445 7.208 6.377 5.712 4.865 4.173 4.059
0.0152 0.01508 7.30103 0.8000000119 2.4187245369    0.800 -0.638  3.6340  4.467    0  0.000  0.538     0.00     0.00     0.00     0.00     0.00 -1  -1.9e-14      0.00 7.092e-01 2.755e-01 2.710e-03 7.399e-04 6.720e-03 -1.000 1.527e-02 6.365 9.812 8.368 7.141 6.317 5.665 4.825 4.135 4.025
0.0152 0.01508 7.30103 0.8214102983 2.4259884357    0.821 -0.605  3.6386  4.464    0  0.000  0.538     0.00     0.00     0.00     0.00     0.00 -1 -2.03e-14      0.00 7.092e-01 2.755e-01 2.710e-03 7.399e-04 6.720e-03 -1.000 1.527e-02 6.282 9.648 8.222 7.016 6.206 5.580 4.755 4.070 3.966
0.0152 0.01508 7.30103 0.8500000238 2.4350347519    0.850 -0.549  3.6464  4.454    0  0.000  0.538     0.00     0.00     0.00     0.00     0.00 -1 -2.28e-14      0.00 7.092e-01 2.755e-01 2.710e-03 7.399e-04 6.720e-03 -1.000 1.527e-02 6.144 9.344 7.977 6.806 6.023 5.435 4.638 3.971 3.874
0.0152 0.01508 7.30103 0.8624690175 2.4387650490    0.862 -0.525  3.6501  4.451    0  0.000  0.538     0.00     0.00     0.00     0.00     0.00 -1 -2.41e-14      0.00 7.092e-01 2.755e-01 2.709e-03 7.399e-04 6.720e-03 -1.000 1.527e-02 6.082 9.201 7.864 6.711 5.940 5.371 4.587 3.930 3.836
0.0152 0.01508 7.30103 0.9000000358 2.4492788315    0.899 -0.445  3.6627  4.440    0  0.000  0.538     0.00     0.00     0.00     0.00     0.00 -1 -2.86e-14      0.00 7.092e-01 2.755e-01 2.709e-03 7.399e-04 6.720e-03 -1.000 1.527e-02 5.883 8.691 7.495 6.405 5.684 5.161 4.425 3.810 3.724
0.0152 0.01508 7.30103 0.9410812855 2.4596886635    0.941 -0.346  3.6792  4.427    0  0.000  0.538     0.00     0.00     0.00     0.00     0.00 -1 -3.56e-14      0.00 7.092e-01 2.755e-01 2.709e-03 7.399e-04 6.720e-03 -1.000 1.527e-02 5.636 8.054 7.044 6.035 5.381 4.904 4.228 3.670 3.592
0.0152 0.01508 7.30103 0.9500000477 2.4618122578    0.950 -0.324  3.6831  4.423    0  0.000  0.538     0.00     0.00     0.00     0.00     0.00 -1 -3.75e-14      0.00 7.092e-01 2.755e-01 2.709e-03 7.398e-04 6.720e-03 -1.000 1.527e-02 5.579 7.914 6.944 5.953 5.314 4.846 4.183 3.637 3.561
0.0152 0.01508 7.30103 0.9637643099 2.4650011063    0.963 -0.288  3.6891  4.419    0  0.000  0.538     0.00     0.00     0.00     0.00     0.00 -1 -4.06e-14      0.00 7.092e-01 2.755e-01 2.709e-03 7.398e-04 6.720e-03 -1.000 1.527e-02 5.491 7.704 6.793 5.828 5.211 4.757 4.114 3.586 3.513
0.0152 0.01508 7.30103 0.9943011999 2.4717147350    0.994 -0.206  3.7031  4.406    0  0.000  0.538     0.00     0.00     0.00     0.00     0.00 -1  -4.9e-14      0.00 7.092e-01 2.755e-01 2.709e-03 7.398e-04 6.720e-03 -1.000 1.527e-02 5.285 7.212 6.448 5.543 4.977 4.551 3.956 3.470 3.403
0.0152 0.01508 7.30103 1.0000000000 2.4729156494    1.000 -0.190  3.7058  4.403    0  0.000  0.538     0.00     0.00     0.00     0.00     0.00 -1 -5.08e-14      0.00 7.092e-01 2.755e-01 2.709e-03 7.398e-04 6.720e-03 -1.000 1.527e-02 5.245 7.121 6.384 5.490 4.933 4.512 3.926 3.448 3.382
0.0152 0.01508 7.30103 1.0082366467 2.4746234417    1.008 -0.167  3.7096  4.399    0  0.000  0.538     0.00     0.00     0.00     0.00     0.00 -1 -5.29e-14      0.00 7.092e-01 2.755e-01 2.709e-03 7.398e-04 6.720e-03 -1.000 1.527e-02 5.188 6.990 6.293 5.414 4.869 4.455 3.882 3.415 3.351
0.0152 0.01508 7.30103 1.0320656300 2.4793887138    1.032 -0.098  3.7210  4.385    0  0.000  0.538     0.00     0.00     0.00     0.00     0.00 -1 -6.02e-14      0.00 7.092e-01 2.755e-01 2.709e-03 7.398e-04 6.720e-03 -1.000 1.527e-02 5.015 6.610 6.025 5.191 4.681 4.288 3.751 3.315 3.256
0.0152 0.01508 7.30103 1.0499999523 2.4828116894    1.050 -0.043  3.7297  4.373    0  0.000  0.538     0.00     0.00     0.00     0.00     0.00 -1 -6.68e-14      0.00 7.092e-01 2.755e-01 2.709e-03 7.398e-04 6.720e-03 -1.000 1.527e-02 4.879 6.325 5.824 5.022 4.537 4.157 3.648 3.236 3.180
0.0152 0.01508 7.30103 1.0511350632 2.4830236435    1.051 -0.040  3.7303  4.373    0  0.000  0.538     0.00     0.00     0.00     0.00     0.00 -1 -6.72e-14      0.00 7.092e-01 2.755e-01 2.709e-03 7.398e-04 6.720e-03 -1.000 1.527e-02 4.870 6.308 5.811 5.012 4.528 4.149 3.641 3.231 3.175
0.0152 0.01508 7.30103 1.0713665485 2.4867179394    1.071  0.024  3.7402  4.356    0  0.000  0.538     0.00     0.00     0.00     0.00     0.00 -1 -7.61e-14      0.00 7.092e-01 2.755e-01 2.709e-03 7.398e-04 6.720e-03 -1.000 1.527e-02 4.709 5.986 5.576 4.817 4.360 3.998 3.521 3.136 3.084
0.0152 0.01508 7.30103 1.0910463333 2.4901607037    1.090  0.089  3.7499  4.338    0  0.000  0.538     0.00     0.00     0.00     0.00     0.00 -1 -8.65e-14      0.00 7.092e-01 2.755e-01 2.709e-03 7.398e-04 6.720e-03 -1.000 1.527e-02 4.548 5.661 5.347 4.628 4.198 3.852 3.402 3.040 2.993
0.0152 0.01508 7.30103 1.1000000238 2.4916803837    1.099  0.119  3.7543  4.330    0  0.000  0.538     0.00     0.00     0.00     0.00     0.00 -1 -9.19e-14      0.00 7.092e-01 2.755e-01 2.709e-03 7.398e-04 6.720e-03 -1.000 1.527e-02 4.473 5.518 5.243 4.542 4.124 3.784 3.347 2.995 2.950
0.0152 0.01508 7.30103 1.1032124758 2.4922184944    1.103  0.130  3.7559  4.326    0  0.000  0.538     0.00     0.00     0.00     0.00     0.00 -1  -9.4e-14      0.00 7.092e-01 2.755e-01 2.709e-03 7.398e-04 6.720e-03 -1.000 1.527e-02 4.445 5.467 5.206 4.511 4.097 3.760 3.327 2.978 2.934
0.0152 0.01508 7.30103 1.1255623102 2.4958658218    1.125  0.206  3.7668  4.302    0  0.000  0.538     0.00     0.00     0.00     0.00     0.00 -1  -1.1e-13      0.00 7.092e-01 2.755e-01 2.709e-03 7.398e-04 6.719e-03 -1.000 1.527e-02 4.255 5.123 4.946 4.297 3.911 3.591 3.188 2.863 2.824
0.0152 0.01508 7.30103 1.1499999762 2.4996678829    1.149  0.285  3.7784  4.280    0  0.000  0.538     0.00     0.00     0.00     0.00     0.00 -1 -1.28e-13      0.00 7.092e-01 2.755e-01 2.709e-03 7.398e-04 6.719e-03 -1.000 1.527e-02 4.059 4.779 4.678 4.080 3.723 3.422 3.049 2.750 2.717
0.0152 0.01508 7.30103 1.1509647369 2.4998142719    1.150  0.288  3.7789  4.279    0  0.000  0.538     0.00     0.00     0.00     0.00     0.00 -1 -1.29e-13      0.00 7.092e-01 2.755e-01 2.709e-03 7.398e-04 6.719e-03 -1.000 1.527e-02 4.051 4.766 4.668 4.072 3.715 3.415 3.044 2.746 2.712
0.0152 0.01508 7.30103 1.1670008898 2.5022051334    1.166  0.331  3.7860  4.270    0  0.000  0.538     0.00     0.00     0.00     0.00     0.00 -1 -1.39e-13      0.00 7.092e-01 2.755e-01 2.709e-03 7.398e-04 6.719e-03 -1.000 1.527e-02 3.942 4.581 4.519 3.954 3.614 3.325 2.971 2.687 2.657
0.0152 0.01508 7.30103 1.1907162666 2.5056056976    1.190  0.363  3.7938  4.278    0  0.000  0.538     0.00     0.00     0.00     0.00     0.00 -1 -1.41e-13      0.00 7.092e-01 2.755e-01 2.709e-03 7.398e-04 6.719e-03 -1.000 1.527e-02 3.862 4.426 4.399 3.866 3.543 3.266 2.931 2.663 2.636
0.0152 0.01508 7.30103 1.2000000477 2.5068950653    1.200  0.371  3.7965  4.284    0  0.000  0.538     0.00     0.00     0.00     0.00     0.00 -1 -1.39e-13      0.00 7.092e-01 2.755e-01 2.709e-03 7.398e-04 6.719e-03 -1.000 1.527e-02 3.843 4.382 4.366 3.845 3.527 3.255 2.926 2.664 2.637
0.0152 0.01508 7.30103 1.2223265171 2.5099034309    1.222  0.388  3.8034  4.302    0  0.000  0.538     0.00     0.00     0.00     0.00     0.00 -1 -1.35e-13      0.00 7.092e-01 2.755e-01 2.709e-03 7.397e-04 6.719e-03 -1.000 1.527e-02 3.799 4.279 4.288 3.795 3.493 3.231 2.918 2.669 2.646
0.0152 0.01508 7.30103 1.2472780943 2.5131192207    1.247  0.381  3.8073  4.335    0  0.000  0.538     0.00     0.00     0.00     0.00     0.00 -1  -1.2e-13      0.00 7.092e-01 2.755e-01 2.709e-03 7.397e-04 6.719e-03 -1.000 1.527e-02 3.819 4.266 4.290 3.812 3.518 3.262 2.959 2.717 2.695
0.0152 0.01508 7.30103 1.2500000000 2.5134611130    1.250  0.379  3.8075  4.337    0  0.000  0.538     0.00     0.00     0.00     0.00     0.00 -1 -1.19e-13      0.00 7.092e-01 2.755e-01 2.709e-03 7.397e-04 6.719e-03 -1.000 1.527e-02 3.821 4.267 4.292 3.815 3.521 3.265 2.963 2.721 2.699
0.0152 0.01508 7.30103 1.2659369707 2.5154292583    1.266  0.372  3.8085  4.355    0  0.000  0.538     0.00     0.00     0.00     0.00     0.00 -1 -1.09e-13      0.00 7.093e-01 2.755e-01 2.709e-03 7.397e-04 6.718e-03 -1.000 1.526e-02 3.840 4.278 4.307 3.833 3.541 3.287 2.987 2.747 2.726
0.0152 0.01508 7.30103 1.2964137793 2.5190382004    1.296  0.380  3.8105  4.365    0  0.000  0.538     0.00     0.00     0.00     0.00     0.00 -1 -1.01e-13      0.00 7.093e-01 2.755e-01 2.709e-03 7.397e-04 6.718e-03 -1.000 1.525e-02 3.821 4.243 4.278 3.813 3.525 3.274 2.978 2.741 2.721
0.0152 0.01508 7.30103 1.2999999523 2.5194499493    1.300  0.382  3.8107  4.365    0  0.000  0.538     0.00     0.00     0.00     0.00     0.00 -1 -1.01e-13      0.00 7.093e-01 2.755e-01 2.709e-03 7.397e-04 6.718e-03 -1.000 1.525e-02 3.815 4.236 4.272 3.807 3.519 3.269 2.973 2.737 2.717
0.0152 0.01508 7.30103 1.3167980909 2.5213449001    1.317  0.390  3.8118  4.367    0  0.000  0.538     0.00     0.00     0.00     0.00     0.00 -1  -9.7e-14      0.00 7.093e-01 2.754e-01 2.709e-03 7.396e-04 6.718e-03 -1.000 1.527e-02 3.795 4.209 4.247 3.786 3.501 3.252 2.959 2.725 2.705
0.0152 0.01508 7.30103 1.3500001431 2.5249314308    1.350  0.447  3.8174  4.343    0  0.000  0.538     0.00     0.00     0.00     0.00     0.00 -1 -1.02e-13      0.00 7.093e-01 2.754e-01 2.709e-03 7.396e-04 6.718e-03 -1.000 1.527e-02 3.653 4.037 4.080 3.640 3.366 3.126 2.846 2.624 2.605
0.0152 0.01508 7.30103 1.3696037531 2.5269553661    1.370  0.481  3.8208  4.329    0  0.000  0.538     0.00     0.00     0.00     0.00     0.00 -1 -1.04e-13      0.00 7.093e-01 2.754e-01 2.708e-03 7.396e-04 6.718e-03 -1.000 1.526e-02 3.568 3.934 3.980 3.553 3.285 3.051 2.779 2.563 2.545
0.0152 0.01508 7.30103 1.4000000954 2.5299651623    1.400  0.535  3.8267  4.309    0  0.000  0.538     0.00     0.00     0.00     0.00     0.00 -1 -1.09e-13      0.00 7.093e-01 2.754e-01 2.708e-03 7.396e-04 6.718e-03 -1.000 1.527e-02 3.434 3.772 3.820 3.414 3.158 2.934 2.675 2.472 2.455
0.0152 0.01508 7.30103 1.4500000477 2.5346016884    1.450  0.622  3.8388  4.285    0  0.000  0.538     0.00     0.00     0.00     0.00     0.00 -1 -1.12e-13      0.00 7.093e-01 2.754e-01 2.708e-03 7.396e-04 6.717e-03 -1.000 1.527e-02 3.216 3.510 3.555 3.188 2.955 2.752 2.521 2.341 2.326
0.0152 0.01508 7.30103 1.4610230923 2.5355749130    1.461  0.642  3.8423  4.282    0  0.000  0.538     0.00     0.00     0.00     0.00     0.00 -1 -1.12e-13      0.00 7.093e-01 2.754e-01 2.708e-03 7.396e-04 6.717e-03 -1.000 1.527e-02 3.165 3.448 3.491 3.135 2.909 2.711 2.488 2.315 2.300
0.0152 0.01508 7.30103 1.5000000000 2.5388846397    1.500  0.705  3.8543  4.279    0  0.000  0.538     0.00     0.00     0.00     0.00     0.00 -1 -1.08e-13      0.00 7.093e-01 2.754e-01 2.708e-03 7.395e-04 6.717e-03 -1.000 1.526e-02 3.008 3.258 3.293 2.972 2.770 2.593 2.397 2.246 2.233
0.0152 0.01508 7.30103 1.5410350561 2.5421617031    1.541  0.765  3.8698  4.292    0  0.000  0.538     0.00     0.00     0.00     0.00     0.00 -1 -9.51e-14      0.00 7.093e-01 2.754e-01 2.708e-03 7.395e-04 6.717e-03 -1.000 1.527e-02 2.857 3.076 3.096 2.816 2.645 2.495 2.332 2.210 2.199
0.0152 0.01508 7.30103 1.5500001907 2.5428512096    1.550  0.776  3.8727  4.295    0  0.000  0.538     0.00     0.00     0.00     0.00     0.00 -1 -9.22e-14      0.00 7.093e-01 2.754e-01 2.708e-03 7.395e-04 6.717e-03 -1.000 1.527e-02 2.830 3.043 3.061 2.788 2.622 2.478 2.321 2.204 2.193
0.0152 0.01508 7.30103 1.6000000238 2.5465342999    1.600  0.832  3.8895  4.320    0  0.000  0.538     0.00     0.00     0.00     0.00     0.00 -1 -6.72e-14      0.00 7.094e-01 2.754e-01 2.708e-03 7.395e-04 6.716e-03 -1.000 1.527e-02 2.689 2.879 2.878 2.647 2.514 2.399 2.277 2.188 2.179
0.0152 0.01508 7.30103 1.6218404770 2.5480611324    1.621  0.854  3.8957  4.329    0  0.000  0.538     0.00     0.00     0.00     0.00     0.00 -1 -5.12e-14      0.00 7.094e-01 2.753e-01 2.708e-03 7.394e-04 6.716e-03 -1.000 1.527e-02 2.635 2.818 2.810 2.595 2.473 2.370 2.259 2.180 2.171
0.0152 0.01508 7.30103 1.6500000954 2.5499615669    1.649  0.886  3.9027  4.332    0  0.000  0.538     0.00     0.00     0.00     0.00     0.00 -1 -3.69e-14      0.00 7.094e-01 2.753e-01 2.708e-03 7.394e-04 6.716e-03 -1.000 1.527e-02 2.556 2.731 2.715 2.518 2.410 2.319 2.221 2.153 2.145
0.0152 0.01508 7.30103 1.7000000477 2.5531582832    1.699  0.941  3.9147  4.338    0  0.000  0.538     0.00     0.00     0.00     0.00     0.00 -1    -1e-30      0.00 7.094e-01 2.753e-01 2.708e-03 7.394e-04 6.716e-03 -1.000 1.527e-02 2.417 2.581 2.552 2.387 2.303 2.232 2.156 2.104 2.097
0.0152 0.01508 7.30103 1.7500000000 2.5561456680    1.749  0.995  3.9261  4.342    0  0.000  0.538     0.00     0.00     0.00     0.00     0.00 -1    -1e-30      0.00 7.094e-01 2.753e-01 2.708e-03 7.394e-04 6.715e-03 -1.000 1.527e-02 2.283 2.438 2.401 2.267 2.204 2.151 2.094 2.056 2.050
0.0152 0.01508 7.30103 1.8000000715 2.5589430332    1.799  1.047  3.9369  4.346    0  0.000  0.538     0.00     0.00     0.00     0.00     0.00 -1    -1e-30      0.00 7.094e-01 2.753e-01 2.707e-03 7.393e-04 6.715e-03 -1.000 1.526e-02 2.154 2.300 2.263 2.157 2.112 2.074 2.034 2.008 2.003
0.0152 0.01508 7.30103 1.8500000238 2.5615673065    1.849  1.095  3.9469  4.350    0  0.000  0.538     0.00     0.00     0.00     0.00     0.00 -1    -1e-30      0.00 7.094e-01 2.753e-01 2.707e-03 7.393e-04 6.715e-03 -1.000 1.526e-02 2.032 2.171 2.142 2.061 2.029 2.004 1.979 1.962 1.958
0.0152 0.01508 7.30103 1.9000000954 2.5640332699    1.899  1.143  3.9566  4.352    0  0.000  0.538     0.00     0.00     0.00     0.00     0.00 -1    -1e-30      0.00 7.094e-01 2.753e-01 2.707e-03 7.393e-04 6.715e-03 -1.000 1.526e-02 1.913 2.045 2.031 1.970 1.950 1.935 1.924 1.914 1.912
0.0152 0.01508 7.30103 1.9500001669 2.5663545132    1.950  1.189  3.9659  4.354    0  0.000  0.538     0.00     0.00     0.00     0.00     0.00 -1    -1e-30      0.00 7.095e-01 2.753e-01 2.707e-03 7.393e-04 6.714e-03 -1.000 1.526e-02 1.797 1.925 1.929 1.886 1.875 1.870 1.871 1.868 1.867
0.0152 0.01508 7.30103 2.0000000000 2.5685424805    2.000  1.234  3.9748  4.356    0  0.000  0.538     0.00     0.00     0.00     0.00     0.00 -1    -1e-30      0.00 7.095e-01 2.752e-01 2.707e-03 7.392e-04 6.714e-03 -1.000 1.527e-02 1.686 1.813 1.835 1.808 1.806 1.808 1.820 1.822 1.823
0.0152 0.01508 7.30103 2.0499999523 2.5706083775    2.050  1.277  3.9832  4.357    0  0.000  0.538     0.00     0.00     0.00     0.00     0.00 -1    -1e-30      0.00 7.095e-01 2.752e-01 2.707e-03 7.392e-04 6.714e-03 -1.000 1.526e-02 1.578 1.707 1.748 1.735 1.739 1.748 1.770 1.777 1.780
0.0152 0.01508 7.30103 2.0999999046 2.5725615025    2.099  1.319  3.9912  4.358    0  0.000  0.538     0.00     0.00     0.00     0.00     0.00 -1    -1e-30      0.00 7.095e-01 2.752e-01 2.707e-03 7.392e-04 6.714e-03 -1.000 1.525e-02 1.472 1.603 1.665 1.665 1.675 1.689 1.721 1.731 1.736
0.0152 0.01508 7.30103 2.1500000954 2.5744106770    2.149  1.360  3.9991  4.358    0  0.000  0.538     0.00     0.00     0.00     0.00     0.00 -1    -1e-30      0.00 7.095e-01 2.752e-01 2.707e-03 7.391e-04 6.714e-03 -1.000 1.526e-02 1.370 1.504 1.587 1.598 1.613 1.633 1.673 1.687 1.694
0.0152 0.01508 7.30103 2.2000000477 2.5761635303    2.199  1.400  4.0066  4.358    0  0.000  0.538     0.00     0.00     0.00     0.00     0.00 -1    -1e-30      0.00 7.095e-01 2.752e-01 2.707e-03 7.391e-04 6.713e-03 -1.000 1.527e-02 1.269 1.408 1.512 1.534 1.552 1.576 1.625 1.642 1.652
0.0152 0.01508 7.30103 2.2500000000 2.5778269768    2.249  1.439  4.0140  4.359    1  0.000  0.538     0.00     0.00     0.00     0.00     0.00 -1    -1e-30      0.00 7.095e-01 2.752e-01 2.707e-03 7.391e-04 6.713e-03 -1.000 1.527e-02 1.172 1.316 1.442 1.473 1.495 1.523 1.580 1.599 1.611
0.0152 0.01508 7.30103 2.2999999523 2.5794074535    2.299  1.477  4.0211  4.359    1  0.000  0.538     0.00     0.00     0.00     0.00     0.00 -1    -1e-30      0.00 7.095e-01 2.752e-01 2.707e-03 7.391e-04 6.713e-03 -1.000 1.527e-02 1.078 1.226 1.373 1.412 1.437 1.469 1.534 1.556 1.570
0.0152 0.01508 7.30103 2.4000000954 2.5823426247    2.399  1.550  4.0343  4.357    0  0.000  0.538     0.00     0.00     0.00     0.00     0.00 -1    -1e-30      0.00 7.095e-01 2.752e-01 2.707e-03 7.391e-04 6.713e-03 -1.000 1.525e-02 0.895 1.056 1.243 1.296 1.326 1.365 1.443 1.470 1.487
0.0152 0.01508 7.30103 2.5999999046 2.5874414444    2.600  1.685  4.0586  4.354    0  0.000  0.538     0.00     0.00     0.00     0.00     0.00 -1    -1e-30      0.00 7.092e-01 2.755e-01 2.710e-03 7.399e-04 6.720e-03 -1.000 1.527e-02 0.556 0.744 1.008 1.083 1.120 1.168 1.272 1.305 1.330
0.0152 0.01508 7.30103 2.8000001907 2.5917119980    2.800  1.811  4.0802  4.347    1  0.000  0.538     0.00     0.00     0.00     0.00     0.00 -1    -1e-30      0.00 7.092e-01 2.755e-01 2.710e-03 7.399e-04 6.720e-03 -1.000 1.527e-02 0.243 0.462 0.794 0.884 0.926 0.983 1.107 1.146 1.176
0.0152 0.01508 7.30103 3.0000000000 2.5953342915    3.000  1.927  4.0998  4.340    1  0.000  0.538     0.00     0.00     0.00     0.00     0.00 -1    -1e-30      0.00 7.092e-01 2.755e-01 2.710e-03 7.399e-04 6.720e-03 -1.000 1.527e-02 -0.047 0.208 0.599 0.700 0.747 0.810 0.952 0.996 1.030
0.0152 0.01508 7.30103 3.2000000477 2.5984411240    3.199  2.035  4.1177  4.331    1  0.000  0.538     0.00     0.00     0.00     0.00     0.00 -1    -1e-30      0.00 7.092e-01 2.755e-01 2.710e-03 7.399e-04 6.720e-03 -1.000 1.527e-02 -0.317 -0.022 0.419 0.530 0.581 0.649 0.806 0.855 0.892
0.0152 0.01508 7.30103 3.4000000954 2.6011312008    3.398  2.136  4.1344  4.322    1  0.000  0.538     0.00     0.00     0.00     0.00     0.00 -1    -1e-30      0.00 7.092e-01 2.755e-01 2.710e-03 7.399e-04 6.720e-03 -1.000 1.527e-02 -0.571 -0.234 0.251 0.371 0.425 0.499 0.669 0.721 0.762
0.0152 0.01508 7.30103 3.6000001431 2.6034805775    3.598  2.232  4.1497  4.313    1  0.000  0.538     0.00     0.00     0.00     0.00     0.00 -1    -1e-30      0.00 7.092e-01 2.755e-01 2.710e-03 7.399e-04 6.720e-03 -1.000 1.527e-02 -0.810 -0.432 0.092 0.220 0.277 0.356 0.538 0.593 0.637
0.0152 0.01508 7.30103 3.8000001907 2.6055479050    3.798  2.322  4.1640  4.304    1  0.000  0.538     0.00     0.00     0.00     0.00     0.00 -1    -1e-30      0.00 7.092e-01 2.755e-01 2.710e-03 7.399e-04 6.720e-03 -1.000 1.527e-02 -1.034 -0.613 -0.057 0.079 0.139 0.222 0.415 0.473 0.519
0.0152 0.01508 7.30103 4.0000000000 2.6073791981    4.001  2.407  4.1773  4.294    1  0.000  0.538     0.00     0.00     0.00     0.00     0.00 -1    -1e-30      0.00 7.092e-01 2.755e-01 2.710e-03 7.399e-04 6.720e-03 -1.000 1.527e-02 -1.247 -0.785 -0.198 -0.056 0.008 0.094 0.297 0.358 0.406
0.0152 0.01508 7.30103 4.1999998093 2.6090114117    4.198  2.488  4.1899  4.285    1  0.000  0.538     0.00     0.00     0.00     0.00     0.00 -1    -1e-30      0.00 7.092e-01 2.755e-01 2.710e-03 7.399e-04 6.720e-03 -1.000 1.527e-02 -1.451 -0.946 -0.333 -0.184 -0.117 -0.027 0.184 0.248 0.298
0.0152 0.01508 7.30103 4.4000000954 2.6104743481    4.397  2.566  4.2019  4.275    1  0.000  0.538     0.00     0.00     0.00     0.00     0.00 -1    -1e-30      0.00 7.092e-01 2.755e-01 2.710e-03 7.399e-04 6.720e-03 -1.000 1.527e-02 -1.645 -1.099 -0.462 -0.307 -0.238 -0.144 0.076 0.142 0.194
0.0152 0.01508 7.30103 4.5999999046 2.6117916107    4.598  2.640  4.2132  4.265    1  0.000  0.538     0.00     0.00     0.00     0.00     0.00 -1    -1e-30      0.00 7.092e-01 2.755e-01 2.710e-03 7.399e-04 6.720e-03 -1.000 1.527e-02 -1.830 -1.245 -0.586 -0.425 -0.353 -0.255 -0.029 0.040 0.094
0.0152 0.01508 7.30103 4.6083288193 2.6118438244    4.606  2.643  4.2136  4.265    1  0.000  0.538     0.00     0.00     0.00     0.00     0.00 -1    -1e-30      0.00 7.092e-01 2.755e-01 2.710e-03 7.399e-04 6.720e-03 -1.000 1.527e-02 -1.838 -1.251 -0.591 -0.430 -0.358 -0.260 -0.033 0.035 0.090
0.0152 0.01508 7.30103 4.8000001907 2.6129837036    4.798  2.711  4.2239  4.255    1  0.000  0.538     0.00     0.00     0.00     0.00     0.00 -1    -1e-30      0.00 7.092e-01 2.755e-01 2.710e-03 7.399e-04 6.720e-03 -1.000 1.527e-02 -2.008 -1.385 -0.705 -0.539 -0.464 -0.363 -0.130 -0.059 -0.003
0.0152 0.01508 7.30103 5.0000000000 2.6140668392    4.999  2.779  4.2340  4.245    1  0.000  0.538     0.00     0.00     0.00     0.00     0.00 -1    -1e-30      0.00 7.092e-01 2.755e-01 2.710e-03 7.399e-04 6.720e-03 -1.000 1.527e-02 -2.179 -1.519 -0.821 -0.650 -0.572 -0.468 -0.228 -0.156 -0.097
0.0152 0.01508 7.30103 5.1999998093 2.6150546074    5.200  2.845  4.2436  4.235    1  0.000  0.538     0.00     0.00     0.00     0.00     0.00 -1    -1e-30      0.00 7.092e-01 2.755e-01 2.710e-03 7.399e-04 6.720e-03 -1.000 1.527e-02 -2.343 -1.649 -0.933 -0.757 -0.677 -0.570 -0.324 -0.250 -0.190
0.0152 0.01508 7.30103 5.2930269241 2.6154849529    5.293  2.875  4.2479  4.230    1  0.000  0.538     0.00     0.00     0.00     0.00     0.00 -1    -1e-30      0.00 7.092e-01 2.755e-01 2.710e-03 7.399e-04 6.720e-03 -1.000 1.527e-02 -2.418 -1.708 -0.984 -0.806 -0.725 -0.617 -0.368 -0.292 -0.232
0.0152 0.01508 7.30103 5.3999996185 2.6159586906    5.401  2.909  4.2528  4.225    1  0.000  0.538     0.00     0.00     0.00     0.00     0.00 -1    -1e-30      0.00 7.092e-01 2.755e-01 2.710e-03 7.399e-04 6.720e-03 -1.000 1.527e-02 -2.502 -1.775 -1.043 -0.862 -0.779 -0.670 -0.417 -0.341 -0.280
0.0152 0.01508 7.30103 5.5917057991 2.6167557240    5.593  2.968  4.2612  4.214    1  0.000  0.538     0.00     0.00     0.00     0.00     0.00 -1    -1e-30      0.00 7.092e-01 2.755e-01 2.710e-03 7.399e-04 6.720e-03 -1.000 1.527e-02 -2.650 -1.892 -1.145 -0.960 -0.875 -0.763 -0.505 -0.427 -0.364
0.0152 0.01508 7.30103 5.5999994278 2.6167888641    5.601  2.971  4.2615  4.214    1  0.000  0.538     0.00     0.00     0.00     0.00     0.00 -1    -1e-30      0.00 7.092e-01 2.755e-01 2.710e-03 7.399e-04 6.720e-03 -1.000 1.527e-02 -2.656 -1.897 -1.149 -0.964 -0.879 -0.767 -0.509 -0.431 -0.368
0.0152 0.01508 7.30103 5.7698392868 2.6174421310    5.771  3.021  4.2686  4.205    1  0.000  0.538     0.00     0.00     0.00     0.00     0.00 -1    -1e-30      0.00 7.092e-01 2.755e-01 2.710e-03 7.399e-04 6.720e-03 -1.000 1.527e-02 -2.783 -1.998 -1.238 -1.049 -0.963 -0.848 -0.586 -0.506 -0.442
0.0152 0.01508 7.30103 5.8000001907 2.6175537109    5.801  3.030  4.2699  4.203    1  0.000  0.538     0.00     0.00     0.00     0.00     0.00 -1    -1e-30      0.00 7.092e-01 2.755e-01 2.710e-03 7.399e-04 6.720e-03 -1.000 1.527e-02 -2.805 -2.016 -1.253 -1.064 -0.977 -0.862 -0.599 -0.520 -0.455
0.0152 0.01508 7.30103 5.9431304932 2.6180646420    5.944  3.072  4.2756  4.195    1  0.000  0.538     0.00     0.00     0.00     0.00     0.00 -1    -1e-30      0.00 7.092e-01 2.755e-01 2.710e-03 7.399e-04 6.720e-03 -1.000 1.527e-02 -2.909 -2.099 -1.326 -1.134 -1.046 -0.929 -0.663 -0.582 -0.516
0.0152 0.01508 7.30103 6.0000000000 2.6182601452    6.000  3.088  4.2778  4.191    1  0.000  0.538     0.00     0.00     0.00     0.00     0.00 -1    -1e-30      0.00 7.092e-01 2.755e-01 2.710e-03 7.399e-04 6.720e-03 -1.000 1.527e-02 -2.950 -2.132 -1.355 -1.162 -1.073 -0.956 -0.688 -0.607 -0.541
0.0152 0.01508 7.30103 6.1949362755 2.6188983917    6.195  3.143  4.2850  4.179    1  0.000  0.538     0.00     0.00     0.00     0.00     0.00 -1    -1e-30      0.00 7.092e-01 2.755e-01 2.710e-03 7.399e-04 6.720e-03 -1.000 1.527e-02 -3.088 -2.244 -1.455 -1.258 -1.167 -1.048 -0.775 -0.692 -0.625
0.0152 0.01508 7.30103 6.1999998093 2.6189143658    6.200  3.145  4.2852  4.179    1  0.000  0.538     0.00     0.00     0.00     0.00     0.00 -1    -1e-30      0.00 7.092e-01 2.755e-01 2.710e-03 7.399e-04 6.720e-03 -1.000 1.527e-02 -3.092 -2.247 -1.457 -1.260 -1.170 -1.050 -0.777 -0.695 -0.627
0.0152 0.01508 7.30103 6.4000000954 2.6195218563    6.399  3.200  4.2924  4.166    1  0.000  0.538     0.00     0.00     0.00     0.00     0.00 -1    -1e-30      0.00 7.092e-01 2.755e-01 2.710e-03 7.399e-04 6.720e-03 -1.000 1.527e-02 -3.230 -2.359 -1.557 -1.357 -1.264 -1.142 -0.865 -0.781 -0.712
0.0152 0.01508 7.30103 6.4822239876 2.6197590828    6.481  3.222  4.2952  4.161    1  0.000  0.538     0.00     0.00     0.00     0.00     0.00 -1    -1e-30      0.00 7.092e-01 2.755e-01 2.710e-03 7.399e-04 6.720e-03 -1.000 1.527e-02 -3.285 -2.404 -1.597 -1.396 -1.303 -1.180 -0.901 -0.816 -0.746
0.0152 0.01508 7.30103 6.7864909172 2.6205797195    6.783  3.303  4.3052  4.140    1  0.000  0.538     0.00     0.00     0.00     0.00     0.00 -1    -1e-30      0.00 7.092e-01 2.755e-01 2.710e-03 7.399e-04 6.720e-03 -1.000 1.527e-02 -3.486 -2.570 -1.745 -1.539 -1.444 -1.318 -1.032 -0.945 -0.874
0.0152 0.01508 7.30103 7.0000000000 2.6211071014    6.996  3.358  4.3119  4.124    1  0.000  0.538     0.00     0.00     0.00     0.00     0.00 -1    -1e-30      0.00 7.092e-01 2.755e-01 2.710e-03 7.399e-04 6.720e-03 -1.000 1.527e-02 -3.625 -2.685 -1.849 -1.640 -1.543 -1.414 -1.125 -1.036 -0.964
0.0152 0.01508 7.30103 7.1074132919 2.6213586330    7.104  3.385  4.3150  4.117    1  0.000  0.538     0.00     0.00     0.00     0.00     0.00 -1    -1e-30      0.00 7.092e-01 2.755e-01 2.710e-03 7.399e-04 6.720e-03 -1.000 1.527e-02 -3.692 -2.741 -1.899 -1.689 -1.591 -1.462 -1.170 -1.081 -1.008
0.0152 0.01508 7.30103 7.4089326859 2.6220200062    7.407  3.459  4.3233  4.094    1  0.000  0.538     0.00     0.00     0.00     0.00     0.00 -1    -1e-30      0.00 7.092e-01 2.755e-01 2.710e-03 7.399e-04 6.720e-03 -1.000 1.527e-02 -3.877 -2.898 -2.041 -1.827 -1.727 -1.596 -1.299 -1.208 -1.133
0.0152 0.01508 7.30103 7.6853079796 2.6225740910    7.685  3.526  4.3303  4.071    1  0.000  0.538     0.00     0.00     0.00     0.00     0.00 -1    -1e-30      0.00 7.092e-01 2.755e-01 2.710e-03 7.399e-04 6.720e-03 -1.000 1.527e-02 -4.045 -3.042 -2.173 -1.956 -1.854 -1.721 -1.420 -1.327 -1.251
0.0152 0.01508 7.30103 7.9083161354 2.6229889393    7.909  3.580  4.3354  4.050    1  0.000  0.538     0.00     0.00     0.00     0.00     0.00 -1    -1e-30      0.00 7.092e-01 2.755e-01 2.710e-03 7.399e-04 6.720e-03 -1.000 1.527e-02 -4.180 -3.160 -2.282 -2.063 -1.960 -1.825 -1.520 -1.426 -1.349
0.0152 0.01508 7.30103 8.0000000000 2.6231517792    8.001  3.602  4.3374  4.041    1  0.000  0.538     0.00     0.00     0.00     0.00     0.00 -1    -1e-30      0.00 7.092e-01 2.755e-01 2.710e-03 7.399e-04 6.720e-03 -1.000 1.527e-02 -4.235 -3.208 -2.327 -2.107 -2.004 -1.868 -1.563 -1.468 -1.390
0.0152 0.01508 7.30103 8.0352277756 2.6232132912    8.036  3.610  4.3381  4.037    1  0.000  0.538     0.00     0.00     0.00     0.00     0.00 -1    -1e-30      0.00 7.092e-01 2.755e-01 2.710e-03 7.399e-04 6.720e-03 -1.000 1.527e-02 -4.256 -3.227 -2.344 -2.124 -2.020 -1.884 -1.578 -1.484 -1.406
0.0152 0.01508 7.30103 8.2735977173 2.6236131191    8.273  3.666  4.3426  4.013    1  0.000  0.538     0.00     0.00     0.00     0.00     0.00 -1    -1e-30      0.00 7.092e-01 2.755e-01 2.710e-03 7.399e-04 6.720e-03 -1.000 1.527e-02 -4.394 -3.350 -2.459 -2.237 -2.133 -1.995 -1.686 -1.591 -1.512
0.0152 0.01508 7.30103 8.5212125778 2.6240015030    8.518  3.722  4.3468  3.985    1  0.000  0.538     0.00     0.00     0.00     0.00     0.00 -1    -1e-30      0.00 7.092e-01 2.755e-01 2.710e-03 7.399e-04 6.720e-03 -1.000 1.527e-02 -4.536 -3.480 -2.581 -2.357 -2.252 -2.113 -1.802 -1.705 -1.625
0.0152 0.01508 7.30103 8.7258377075 2.6243033409    8.722  3.769  4.3497  3.960    1  0.000  0.538     0.00     0.00     0.00     0.00     0.00 -1    -1e-30      0.00 7.092e-01 2.755e-01 2.710e-03 7.399e-04 6.720e-03 -1.000 1.527e-02 -4.653 -3.590 -2.684 -2.459 -2.354 -2.214 -1.901 -1.803 -1.723
0.0152 0.01508 7.30103 8.9163846970 2.6245701313    8.911  3.813  4.3517  3.934    1  0.000  0.538     0.00     0.00     0.00     0.00     0.00 -1    -1e-30      0.00 7.092e-01 2.755e-01 2.710e-03 7.399e-04 6.720e-03 -1.000 1.527e-02 -4.763 -3.696 -2.786 -2.559 -2.454 -2.314 -1.999 -1.901 -1.820
0.0152 0.01508 7.30103 9.0000000000 2.6246831417    8.995  3.833  4.3525  3.921    1  0.000  0.538     0.00     0.00     0.00     0.00     0.00 -1    -1e-30      0.00 7.092e-01 2.755e-01 2.710e-03 7.399e-04 6.720e-03 -1.000 1.527e-02 -4.812 -3.743 -2.831 -2.604 -2.498 -2.358 -2.043 -1.945 -1.864
0.0152 0.01508 7.30103 9.0448932648 2.6247427464    9.040  3.843  4.3529  3.915    1  0.000  0.538     0.00     0.00     0.00     0.00     0.00 -1    -1e-30      0.00 7.092e-01 2.755e-01 2.710e-03 7.399e-04 6.720e-03 -1.000 1.527e-02 -4.837 -3.767 -2.854 -2.628 -2.522 -2.382 -2.066 -1.968 -1.886
0.0152 0.01508 7.30103 9.3068590164 2.6250777245    9.302  3.902  4.3543  3.874    1  0.000  0.538     0.00     0.00     0.00     0.00     0.00 -1    -1e-30      0.00 7.092e-01 2.755e-01 2.710e-03 7.399e-04 6.720e-03 -1.000 1.527e-02 -4.984 -3.914 -2.996 -2.769 -2.663 -2.523 -2.206 -2.107 -2.025
0.0152 0.01508 7.30103 9.5455446243 2.6253647804    9.542  3.955  4.3546  3.832    1  0.000  0.538     0.00     0.00     0.00     0.00     0.00 -1    -1e-30      0.00 7.092e-01 2.755e-01 2.710e-03 7.399e-04 6.720e-03 -1.000 1.527e-02 -5.118 -4.053 -3.132 -2.904 -2.799 -2.658 -2.341 -2.242 -2.160
0.0152 0.01508 7.30103 9.7460746765 2.6255934238    9.743  4.001  4.3535  3.791    1  0.000  0.538     0.00     0.00     0.00     0.00     0.00 -1    -1e-30      0.00 7.092e-01 2.755e-01 2.710e-03 7.399e-04 6.720e-03 -1.000 1.527e-02 -5.233 -4.176 -3.254 -3.027 -2.922 -2.781 -2.465 -2.366 -2.284
0.0152 0.01508 7.30103 9.9305105209 2.6257941723    9.928  4.044  4.3513  3.748    1  0.000  0.538     0.00     0.00     0.00     0.00     0.00 -1    -1e-30      0.00 7.092e-01 2.755e-01 2.710e-03 7.399e-04 6.720e-03 -1.000 1.527e-02 -5.340 -4.295 -3.374 -3.148 -3.043 -2.904 -2.588 -2.490 -2.408
0.0152 0.01508 7.30103 10.0000000000 2.6258678436    9.998  4.060  4.3502  3.731    1  0.000  0.538     0.00     0.00     0.00     0.00     0.00 -1    -1e-30      0.00 7.092e-01 2.755e-01 2.710e-03 7.399e-04 6.720e-03 -1.000 1.527e-02 -5.380 -4.341 -3.421 -3.195 -3.091 -2.952 -2.636 -2.538 -2.457
0.0152 0.01508 7.30103 10.0999403000 2.6259713173   10.099  4.082  4.3487  3.707    1  0.000  0.538     0.00     0.00     0.00     0.00     0.00 -1    -1e-30      0.00 7.092e-01 2.755e-01 2.710e-03 7.399e-04 6.720e-03 -1.000 1.527e-02 -5.436 -4.405 -3.486 -3.260 -3.157 -3.018 -2.703 -2.606 -2.524
0.0152 0.01508 7.30103 10.3069410324 2.6261787415   10.306  4.129  4.3438  3.649    1  0.000  0.538     0.00     0.00     0.00     0.00     0.00 -1    -1e-30      0.00 7.092e-01 2.755e-01 2.710e-03 7.399e-04 6.720e-03 -1.000 1.527e-02 -5.554 -4.547 -3.633 -3.408 -3.305 -3.168 -2.856 -2.759 -2.679
0.0152 0.01508 7.30103 10.4999179840 2.6263637543   10.500  4.175  4.3367  3.584    1  0.000  0.538     0.00     0.00     0.00     0.00     0.00 -1    -1e-30      0.00 7.092e-01 2.755e-01 2.710e-03 7.399e-04 6.720e-03 -1.000 1.527e-02 -5.667 -4.691 -3.785 -3.562 -3.462 -3.326 -3.018 -2.923 -2.844
0.0152 0.01508 7.30103 10.6654758453 2.6265161037   10.666  4.214  4.3292  3.521    1  0.000  0.538     0.00     0.00     0.00     0.00     0.00 -1    -1e-30      0.00 7.092e-01 2.755e-01 2.710e-03 7.399e-04 6.720e-03 -1.000 1.527e-02 -5.765 -4.821 -3.925 -3.704 -3.605 -3.473 -3.168 -3.075 -2.997
0.0152 0.01508 7.30103 10.8118247986 2.6266465187   10.813  4.250  4.3208  3.458    1  0.000  0.538     0.00     0.00     0.00     0.00     0.00 -1    -1e-30      0.00 7.092e-01 2.755e-01 2.710e-03 7.399e-04 6.720e-03 -1.000 1.527e-02 -5.854 -4.948 -4.060 -3.843 -3.746 -3.616 -3.317 -3.225 -3.149
0.0152 0.01508 7.30103 10.9437408447 2.6267604828   10.945  4.284  4.3130  3.397    1  0.000  0.538     0.00     0.00     0.00     0.00     0.00 -1    -1e-30      0.00 7.092e-01 2.755e-01 2.710e-03 7.399e-04 6.720e-03 -1.000 1.527e-02 -5.939 -5.068 -4.189 -3.975 -3.881 -3.753 -3.458 -3.368 -3.293
0.0152 0.01508 7.30103 11.0000000000 2.6268081665   11.002  4.299  4.3103  3.374    1  0.000  0.538     0.00     0.00     0.00     0.00     0.00 -1    -1e-30      0.00 7.092e-01 2.755e-01 2.710e-03 7.399e-04 6.720e-03 -1.000 1.527e-02 -5.978 -5.119 -4.242 -4.029 -3.936 -3.809 -3.515 -3.426 -3.352
0.0152 0.01508 7.30103 11.0423860550 2.6268436909   11.044  4.310  4.3084  3.357    1  0.000  0.538     0.00     0.00     0.00     0.00     0.00 -1    -1e-30      0.00 7.092e-01 2.755e-01 2.710e-03 7.399e-04 6.720e-03 -1.000 1.527e-02 -6.005 -5.155 -4.281 -4.069 -3.976 -3.850 -3.557 -3.468 -3.394
0.0152 0.01508 7.30103 11.0502185822 2.6268503666   11.052  4.312  4.3081  3.354    1  0.000  0.538     0.00     0.00     0.00     0.00     0.00 -1    -1e-30      0.00 7.092e-01 2.755e-01 2.710e-03 7.399e-04 6.720e-03 -1.000 1.527e-02 -6.010 -5.162 -4.288 -4.076 -3.983 -3.857 -3.564 -3.476 -3.401
0.0152 0.01508 7.30103 11.1211299896 2.6269090176   11.123  4.339  4.3215  3.383    1  0.000  0.538     0.00     0.00     0.00     0.00     0.00 -1    -1e-30      0.00 7.092e-01 2.755e-01 2.710e-03 7.399e-04 6.720e-03 -1.000 1.527e-02 -6.079 -5.181 -4.286 -4.069 -3.973 -3.843 -3.542 -3.450 -3.373
0.0152 0.01508 7.30103 11.1343021393 2.6269197464   11.136  4.349  4.3301  3.408    1  0.000  0.538     0.00     0.00     0.00     0.00     0.00 -1    -1e-30      0.00 7.092e-01 2.755e-01 2.710e-03 7.399e-04 6.720e-03 -1.000 1.527e-02 -6.103 -5.173 -4.265 -4.045 -3.947 -3.814 -3.508 -3.415 -3.336
0.0152 0.01508 7.30103 11.1403436661 2.6269247532   11.142  4.360  4.3403  3.438    1  0.000  0.538     0.00     0.00     0.00     0.00     0.00 -1    -1e-30      0.00 7.092e-01 2.755e-01 2.710e-03 7.399e-04 6.720e-03 -1.000 1.527e-02 -6.131 -5.162 -4.239 -4.016 -3.915 -3.780 -3.468 -3.372 -3.291
0.0152 0.01508 7.30103 11.1438751221 2.6269276142   11.146  4.377  4.3519  3.468    1  0.000  0.538     0.00     0.00     0.00     0.00     0.00 -1    -1e-30      0.00 7.092e-01 2.755e-01 2.710e-03 7.399e-04 6.720e-03 -1.000 1.527e-02 -6.172 -5.159 -4.219 -3.992 -3.889 -3.750 -3.432 -3.333 -3.251
0.0152 0.01508 7.30103 11.1454133987 2.6269290447   11.147  4.390  4.3601  3.487    1  0.000  0.538     0.00     0.00     0.00     0.00     0.00 -1    -1e-30      0.00 7.092e-01 2.755e-01 2.710e-03 7.399e-04 6.720e-03 -1.000 1.527e-02 -6.206 -5.163 -4.211 -3.981 -3.876 -3.735 -3.412 -3.312 -3.227
0.0152 0.01508 7.30103 11.1461019516 2.6269295216   11.148  4.397  4.3641  3.496    1  0.000  0.538     0.00     0.00     0.00     0.00     0.00 -1    -1e-30      0.00 7.092e-01 2.755e-01 2.710e-03 7.399e-04 6.720e-03 -1.000 1.527e-02 -6.223 -5.164 -4.207 -3.975 -3.870 -3.728 -3.403 -3.301 -3.216
0.0152 0.01508 7.30103 11.1469221115 2.6269302368   11.149  4.378  4.3574  3.489    2  0.000  0.538     0.00     0.00     0.00     0.00     0.00 -1    -1e-30      0.00 7.092e-01 2.755e-01 2.710e-03 7.399e-04 6.720e-03 -1.000 1.527e-02 -6.175 -5.140 -4.193 -3.964 -3.860 -3.719 -3.398 -3.298 -3.214
0.0152 0.01508 7.30103 11.1476993561 2.6269307137   11.149  4.357  4.3444  3.458    2  0.000  0.538     0.00     0.00     0.00     0.00     0.00 -1    -1e-30      0.00 7.092e-01 2.755e-01 2.710e-03 7.399e-04 6.720e-03 -1.000 1.527e-02 -6.122 -5.136 -4.208 -3.983 -3.882 -3.745 -3.431 -3.334 -3.253
0.0152 0.01508 7.30103 11.1482877731 2.6269311905   11.150  4.349  4.3306  3.411    2  0.000  0.538     0.00     0.00     0.00     0.00     0.00 -1    -1e-30      0.00 7.092e-01 2.755e-01 2.710e-03 7.399e-04 6.720e-03 -1.000 1.527e-02 -6.102 -5.170 -4.261 -4.041 -3.942 -3.810 -3.504 -3.410 -3.331
0.0152 0.01508 7.30103 11.1487665176 2.6269316673   11.150  4.349  4.3177  3.359    2  0.000  0.538     0.00     0.00     0.00     0.00     0.00 -1    -1e-30      0.00 7.092e-01 2.755e-01 2.710e-03 7.399e-04 6.720e-03 -1.000 1.527e-02 -6.102 -5.221 -4.330 -4.114 -4.019 -3.890 -3.592 -3.501 -3.425
0.0152 0.01508 7.30103 11.1492996216 2.6269321442   11.151  4.353  4.3021  3.293    2  0.000  0.538     0.00     0.00     0.00     0.00     0.00 -1    -1e-30      0.00 7.092e-01 2.755e-01 2.710e-03 7.399e-04 6.720e-03 -1.000 1.527e-02 -6.112 -5.293 -4.424 -4.214 -4.123 -3.999 -3.710 -3.623 -3.549
0.0152 0.01508 7.30103 11.1497888565 2.6269326210   11.151  4.358  4.2867  3.226    2  0.000  0.538     0.00     0.00     0.00     0.00     0.00 -1    -1e-30      0.00 7.092e-01 2.755e-01 2.710e-03 7.399e-04 6.720e-03 -1.000 1.527e-02 -6.126 -5.366 -4.519 -4.315 -4.228 -4.110 -3.829 -3.746 -3.675
0.0152 0.01508 7.30103 11.1501588821 2.6269328594   11.152  4.363  4.2746  3.173    2  0.000  0.538     0.00     0.00     0.00     0.00     0.00 -1    -1e-30      0.00 7.092e-01 2.755e-01 2.710e-03 7.399e-04 6.720e-03 -1.000 1.527e-02 -6.137 -5.424 -4.595 -4.396 -4.312 -4.197 -3.924 -3.844 -3.776
0.0152 0.01508 7.30103 11.1505117416 2.6269330978   11.152  4.366  4.2624  3.121    2  0.000  0.538     0.00     0.00     0.00     0.00     0.00 -1    -1e-30      0.00 7.092e-01 2.755e-01 2.710e-03 7.399e-04 6.720e-03 -1.000 1.527e-02 -6.146 -5.479 -4.669 -4.474 -4.394 -4.284 -4.018 -3.941 -3.875
0.0152 0.01508 7.30103 11.1508474350 2.6269333363   11.152  4.369  4.2504  3.069    2  0.000  0.538     0.00     0.00     0.00     0.00     0.00 -1    -1e-30      0.00 7.092e-01 2.755e-01 2.710e-03 7.399e-04 6.720e-03 -1.000 1.527e-02 -6.154 -5.532 -4.741 -4.551 -4.474 -4.368 -4.110 -4.036 -3.972
0.0152 0.01508 7.30103 11.1512498856 2.6269338131   11.153  4.372  4.2353  3.006    2  0.000  0.538     0.00     0.00     0.00     0.00     0.00 -1    -1e-30      0.00 7.092e-01 2.755e-01 2.710e-03 7.399e-04 6.720e-03 -1.000 1.527e-02 -6.161 -5.596 -4.829 -4.645 -4.573 -4.472 -4.224 -4.153 -4.091
0.0152 0.01508 7.30103 11.1516294479 2.6269340515   11.153  4.374  4.2203  2.944    2  0.000  0.538     0.00     0.00     0.00     0.00     0.00 -1    -1e-30      0.00 7.092e-01 2.755e-01 2.710e-03 7.399e-04 6.720e-03 -1.000 1.527e-02 -6.166 -5.658 -4.913 -4.737 -4.669 -4.574 -4.335 -4.268 -4.209
0.0152 0.01508 7.30103 11.1519193649 2.6269342899   11.153  4.375  4.2083  2.895    2  0.000  0.538     0.00     0.00     0.00     0.00     0.00 -1    -1e-30      0.00 7.092e-01 2.755e-01 2.710e-03 7.399e-04 6.720e-03 -1.000 1.527e-02 -6.168 -5.706 -4.979 -4.808 -4.744 -4.654 -4.423 -4.359 -4.302
0.0152 0.01508 7.30103 11.1521949768 2.6269345284   11.154  4.376  4.1963  2.847    2  0.000  0.538     0.00     0.00     0.00     0.00     0.00 -1    -1e-30      0.00 7.092e-01 2.755e-01 2.710e-03 7.399e-04 6.720e-03 -1.000 1.527e-02 -6.169 -5.751 -5.043 -4.878 -4.818 -4.732 -4.509 -4.448 -4.393
0.0152 0.01508 7.30103 11.1524610519 2.6269347668   11.154  4.376  4.1843  2.799    2  0.000  0.538     0.00     0.00     0.00     0.00     0.00 -1    -1e-30      0.00 7.092e-01 2.755e-01 2.710e-03 7.399e-04 6.720e-03 -1.000 1.527e-02 -6.169 -5.794 -5.106 -4.947 -4.891 -4.809 -4.594 -4.536 -4.483
0.0152 0.01508 7.30103 11.1527137756 2.6269350052   11.154  4.375  4.1723  2.751    2  0.000  0.538     0.00     0.00     0.00     0.00     0.00 -1    -1e-30      0.00 7.092e-01 2.755e-01 2.710e-03 7.399e-04 6.720e-03 -1.000 1.527e-02 -6.168 -5.835 -5.167 -5.014 -4.962 -4.885 -4.678 -4.623 -4.573
0.0152 0.01508 7.30103 11.1529550552 2.6269350052   11.155  4.374  4.1603  2.704    2  0.000  0.538     0.00     0.00     0.00     0.00     0.00 -1    -1e-30      0.00 7.092e-01 2.755e-01 2.710e-03 7.399e-04 6.720e-03 -1.000 1.527e-02 -6.166 -5.874 -5.227 -5.080 -5.032 -4.959 -4.761 -4.709 -4.660
0.0152 0.01508 7.30103 11.1531858444 2.6269352436   11.155  4.373  4.1483  2.658    2  0.000  0.538     0.00     0.00     0.00     0.00     0.00 -1    -1e-30      0.00 7.092e-01 2.755e-01 2.710e-03 7.399e-04 6.720e-03 -1.000 1.527e-02 -6.163 -5.912 -5.286 -5.145 -5.100 -5.033 -4.843 -4.794 -4.747
0.0152 0.01508 7.30103 11.1534051895 2.6269354820   11.155  4.372  4.1363  2.611    2  0.000  0.538     0.00     0.00     0.00     0.00     0.00 -1    -1e-30      0.00 7.092e-01 2.755e-01 2.710e-03 7.399e-04 6.720e-03 -1.000 1.527e-02 -6.159 -5.946 -5.344 -5.209 -5.168 -5.105 -4.924 -4.878 -4.833
0.0152 0.01508 7.30103 11.1536149979 2.6269357204   11.155  4.370  4.1243  2.565    2  0.000  0.538     0.00     0.00     0.00     0.00     0.00 -1    -1e-30      0.00 7.092e-01 2.755e-01 2.710e-03 7.399e-04 6.720e-03 -1.000 1.527e-02 -6.154 -5.979 -5.401 -5.271 -5.234 -5.176 -5.004 -4.961 -4.919
0.0152 0.01508 7.30103 11.1538133621 2.6269357204   11.155  4.368  4.1123  2.519    2  0.000  0.538     0.00     0.00     0.00     0.00     0.00 -1    -1e-30      0.00 7.092e-01 2.755e-01 2.710e-03 7.399e-04 6.720e-03 -1.000 1.527e-02 -6.150 -6.011 -5.457 -5.333 -5.300 -5.246 -5.083 -5.044 -5.003
0.0152 0.01508 7.30103 11.1540040970 2.6269359589   11.156  4.366  4.1004  2.473    2  0.000  0.538     0.00     0.00     0.00     0.00     0.00 -1    -1e-30      0.00 7.092e-01 2.755e-01 2.710e-03 7.399e-04 6.720e-03 -1.000 1.527e-02 -6.144 -6.037 -5.512 -5.393 -5.363 -5.315 -5.161 -5.125 -5.086
0.0152 0.01508 7.30103 11.1541843414 2.6269361973   11.156  4.363  4.0884  2.428    2  0.000  0.538     0.00     0.00     0.00     0.00     0.00 -1    -1e-30      0.00 7.092e-01 2.755e-01 2.710e-03 7.399e-04 6.720e-03 -1.000 1.527e-02 -6.138 -6.059 -5.566 -5.452 -5.426 -5.381 -5.238 -5.204 -5.168
0.0152 0.01508 7.30103 11.1543979645 2.6269361973   11.156  4.360  4.0735  2.372    2  0.000  0.538     0.00     0.00     0.00     0.00     0.00 -1    -1e-30      0.00 7.092e-01 2.755e-01 2.710e-03 7.399e-04 6.720e-03 -1.000 1.527e-02 -6.130 -6.088 -5.624 -5.521 -5.500 -5.462 -5.331 -5.303 -5.269
0.0152 0.01508 7.30103 11.1546001434 2.6269364357   11.156  4.356  4.0586  2.315    2  0.000  0.538     0.00     0.00     0.00     0.00     0.00 -1    -1e-30      0.00 7.092e-01 2.755e-01 2.710e-03 7.399e-04 6.720e-03 -1.000 1.527e-02 -6.121 -6.113 -5.680 -5.587 -5.572 -5.542 -5.424 -5.400 -5.370
0.0152 0.01508 7.30103 11.1547517776 2.6269364357   11.156  4.354  4.0468  2.271    2  0.000  0.538     0.00     0.00     0.00     0.00     0.00 -1    -1e-30      0.00 7.092e-01 2.755e-01 2.710e-03 7.399e-04 6.720e-03 -1.000 1.527e-02 -6.114 -6.126 -5.725 -5.639 -5.628 -5.603 -5.496 -5.476 -5.447
0.0152 0.01508 7.30103 11.1548976898 2.6269366741   11.156  4.350  4.0348  2.226    2  0.000  0.538     0.00     0.00     0.00     0.00     0.00 -1    -1e-30      0.00 7.092e-01 2.755e-01 2.710e-03 7.399e-04 6.720e-03 -1.000 1.527e-02 -6.106 -6.136 -5.769 -5.690 -5.682 -5.663 -5.567 -5.551 -5.525
0.0152 0.01508 7.30103 11.1550359726 2.6269366741   11.157  4.347  4.0229  2.182    2  0.000  0.538     0.00     0.00     0.00     0.00     0.00 -1    -1e-30      0.00 7.092e-01 2.755e-01 2.710e-03 7.399e-04 6.720e-03 -1.000 1.527e-02 -6.098 -6.141 -5.811 -5.738 -5.735 -5.720 -5.637 -5.625 -5.601
0.0152 0.01508 7.30103 11.1551980972 2.6269369125   11.157  4.343  4.0081  2.127    2  0.000  0.538     0.00     0.00     0.00     0.00     0.00 -1    -1e-30      0.00 7.092e-01 2.755e-01 2.710e-03 7.399e-04 6.720e-03 -1.000 1.527e-02 -6.087 -6.143 -5.861 -5.797 -5.797 -5.790 -5.723 -5.716 -5.695
0.0152 0.01508 7.30103 11.1553230286 2.6269369125   11.157  4.339  3.9963  2.083    2  0.000  0.538     0.00     0.00     0.00     0.00     0.00 -1    -1e-30      0.00 7.092e-01 2.755e-01 2.710e-03 7.399e-04 6.720e-03 -1.000 1.527e-02 -6.079 -6.141 -5.900 -5.842 -5.845 -5.843 -5.790 -5.788 -5.769
0.0152 0.01508 7.30103 11.1554412842 2.6269371510   11.157  4.336  3.9845  2.039    2  0.000  0.538     0.00     0.00     0.00     0.00     0.00 -1    -1e-30      0.00 7.092e-01 2.755e-01 2.710e-03 7.399e-04 6.720e-03 -1.000 1.527e-02 -6.070 -6.135 -5.936 -5.885 -5.891 -5.895 -5.857 -5.859 -5.843
0.0152 0.01508 7.30103 11.1555528641 2.6269371510   11.157  4.332  3.9726  1.996    2  0.000  0.538     0.00     0.00     0.00     0.00     0.00 -1    -1e-30      0.00 7.092e-01 2.755e-01 2.710e-03 7.399e-04 6.720e-03 -1.000 1.527e-02 -6.061 -6.125 -5.971 -5.926 -5.935 -5.945 -5.923 -5.930 -5.917
0.0152 0.01508 7.30103 11.1556863785 2.6269373894   11.157  4.327  3.9580  1.942    2  0.000  0.538     0.00     0.00     0.00     0.00     0.00 -1    -1e-30      0.00 7.092e-01 2.755e-01 2.710e-03 7.399e-04 6.720e-03 -1.000 1.527e-02 -6.049 -6.106 -6.008 -5.974 -5.987 -6.004 -6.004 -6.017 -6.008
0.0152 0.01508 7.30103 11.1557884216 2.6269373894   11.157  4.324  3.9463  1.899    2  0.000  0.538     0.00     0.00     0.00     0.00     0.00 -1    -1e-30      0.00 7.092e-01 2.755e-01 2.710e-03 7.399e-04 6.720e-03 -1.000 1.527e-02 -6.039 -6.087 -6.029 -6.007 -6.026 -6.051 -6.067 -6.087 -6.082
0.0152 0.01508 7.30103 11.1558856964 2.6269373894   11.157  4.320  3.9346  1.856    2  0.000  0.538     0.00     0.00     0.00     0.00     0.00 -1    -1e-30      0.00 7.092e-01 2.755e-01 2.710e-03 7.399e-04 6.720e-03 -1.000 1.527e-02 -6.029 -6.061 -6.049 -6.038 -6.062 -6.095 -6.130 -6.156 -6.155
0.0152 0.01508 7.30103 11.1559791565 2.6269376278   11.158  4.315  3.9229  1.814    2  0.000  0.538     0.00     0.00     0.00     0.00     0.00 -1    -1e-30      0.00 7.092e-01 2.755e-01 2.710e-03 7.399e-04 6.720e-03 -1.000 1.527e-02 -6.018 -6.025 -6.060 -6.063 -6.095 -6.137 -6.192 -6.224 -6.227
0.0152 0.01508 7.30103 11.1560707092 2.6269376278   11.158  4.311  3.9110  1.771    2  0.000  0.538     0.00     0.00     0.00     0.00     0.00 -1    -1e-30      0.00 7.092e-01 2.755e-01 2.710e-03 7.399e-04 6.720e-03 -1.000 1.527e-02 -6.007 -5.979 -6.061 -6.082 -6.124 -6.177 -6.254 -6.295 -6.302
0.0152 0.01508 7.30103 11.1561574936 2.6269376278   11.158  4.306  3.8991  1.728    2  0.000  0.538     0.00     0.00     0.00     0.00     0.00 -1    -1e-30      0.00 7.092e-01 2.755e-01 2.710e-03 7.399e-04 6.720e-03 -1.000 1.527e-02 -5.996 -5.924 -6.050 -6.093 -6.149 -6.214 -6.314 -6.366 -6.377
0.0152 0.01508 7.30103 11.1562404633 2.6269378662   11.158  4.302  3.8873  1.685    2  0.000  0.538     0.00     0.00     0.00     0.00     0.00 -1    -1e-30      0.00 7.092e-01 2.755e-01 2.710e-03 7.399e-04 6.720e-03 -1.000 1.527e-02 -5.984 -5.862 -6.025 -6.097 -6.169 -6.250 -6.373 -6.437 -6.452
0.0152 0.01508 7.30103 11.1563205719 2.6269378662   11.158  4.297  3.8753  1.642    2  0.000  0.538     0.00     0.00     0.00     0.00     0.00 -1    -1e-30      0.00 7.092e-01 2.755e-01 2.710e-03 7.399e-04 6.720e-03 -1.000 1.527e-02 -5.972 -5.793 -5.987 -6.093 -6.185 -6.284 -6.432 -6.510 -6.529
0.0152 0.01508 7.30103 11.1563949585 2.6269378662   11.158  4.292  3.8636  1.600    2  0.000  0.538     0.00     0.00     0.00     0.00     0.00 -1    -1e-30      0.00 7.092e-01 2.755e-01 2.710e-03 7.399e-04 6.720e-03 -1.000 1.527e-02 -5.960 -5.719 -5.940 -6.085 -6.199 -6.316 -6.489 -6.584 -6.605
0.0152 0.01508 7.30103 11.1564846039 2.6269378662   11.158  4.285  3.8489  1.548    2  0.000  0.538     0.00     0.00     0.00     0.00     0.00 -1    -1e-30      0.00 7.092e-01 2.755e-01 2.710e-03 7.399e-04 6.720e-03 -1.000 1.527e-02 -5.943 -5.621 -5.866 -6.067 -6.212 -6.355 -6.559 -6.676 -6.702
0.0152 0.01508 7.30103 11.1565532684 2.6269381046   11.158  4.280  3.8370  1.506    2  0.000  0.538     0.00     0.00     0.00     0.00     0.00 -1    -1e-30      0.00 7.092e-01 2.755e-01 2.710e-03 7.399e-04 6.720e-03 -1.000 1.527e-02 -5.929 -5.533 -5.793 -6.048 -6.221 -6.386 -6.616 -6.753 -6.781
0.0152 0.01508 7.30103 11.1566171646 2.6269381046   11.158  4.274  3.8253  1.465    2  0.000  0.538     0.00     0.00     0.00     0.00     0.00 -1    -1e-30      0.00 7.092e-01 2.755e-01 2.710e-03 7.399e-04 6.720e-03 -1.000 1.527e-02 -5.915 -5.441 -5.712 -6.026 -6.228 -6.414 -6.670 -6.827 -6.858
0.0152 0.01508 7.30103 11.1566944122 2.6269381046   11.158  4.267  3.8106  1.414    2  0.000  0.538     0.00     0.00     0.00     0.00     0.00 -1    -1e-30      0.00 7.092e-01 2.755e-01 2.710e-03 7.399e-04 6.720e-03 -1.000 1.527e-02 -5.896 -5.311 -5.600 -5.992 -6.231 -6.446 -6.735 -6.920 -6.955
0.0152 0.01508 7.30103 11.1567516327 2.6269381046   11.158  4.260  3.7991  1.374    2  0.000  0.538     0.00     0.00     0.00     0.00     0.00 -1    -1e-30      0.00 7.092e-01 2.755e-01 2.710e-03 7.399e-04 6.720e-03 -1.000 1.527e-02 -5.881 -5.198 -5.505 -5.960 -6.229 -6.467 -6.784 -6.993 -7.031
0.0152 0.01508 7.30103 11.1568069458 2.6269383430   11.158  4.254  3.7875  1.334    2  0.000  0.538     0.00     0.00     0.00     0.00     0.00 -1    -1e-30      0.00 7.092e-01 2.755e-01 2.710e-03 7.399e-04 6.720e-03 -1.000 1.527e-02 -5.865 -5.063 -5.400 -5.923 -6.225 -6.486 -6.832 -7.065 -7.108
0.0152 0.01508 7.30103 11.1568603516 2.6269383430   11.158  4.247  3.7760  1.295    2  0.000  0.538     0.00     0.00     0.00     0.00     0.00 -1    -1e-30      0.00 7.092e-01 2.755e-01 2.710e-03 7.399e-04 6.720e-03 -1.000 1.527e-02 -5.847 -4.896 -5.281 -5.881 -6.219 -6.506 -6.881 -7.140 -7.187
0.0152 0.01508 7.30103 11.1569118500 2.6269383430   11.158  4.240  3.7644  1.256    2  0.000  0.538     0.00     0.00     0.00     0.00     0.00 -1    -1e-30      0.00 7.092e-01 2.755e-01 2.710e-03 7.399e-04 6.720e-03 -1.000 1.527e-02 -5.829 -4.719 -5.154 -5.831 -6.205 -6.519 -6.927 -7.214 -7.265
0.0152 0.01508 7.30103 11.1569604874 2.6269383430   11.159  4.232  3.7528  1.217    2  0.000  0.538     0.00     0.00     0.00     0.00     0.00 -1    -1e-30      0.00 7.092e-01 2.755e-01 2.710e-03 7.399e-04 6.720e-03 -1.000 1.527e-02 -5.809 -4.535 -5.032 -5.780 -6.186 -6.522 -6.961 -7.276 -7.331
0.0152 0.01508 7.30103 11.1570081711 2.6269383430   11.159  4.223  3.7413  1.180    2  0.000  0.538     0.00     0.00     0.00     0.00     0.00 -1    -1e-30      0.00 7.092e-01 2.755e-01 2.710e-03 7.399e-04 6.720e-03 -1.000 1.527e-02 -5.789 -4.284 -4.888 -5.721 -6.165 -6.526 -7.000 -7.344 -7.404
0.0152 0.01508 7.30103 11.1570529938 2.6269383430   11.159  4.215  3.7298  1.142    2  0.000  0.538     0.00     0.00     0.00     0.00     0.00 -1    -1e-30      0.00 7.092e-01 2.755e-01 2.710e-03 7.399e-04 6.720e-03 -1.000 1.527e-02 -5.767 -4.074 -4.757 -5.659 -6.134 -6.517 -7.025 -7.399 -7.460
0.0152 0.01508 7.30103 11.1570949554 2.6269385815   11.159  4.205  3.7185  1.106    2  0.000  0.538     0.00     0.00     0.00     0.00     0.00 -1    -1e-30      0.00 7.092e-01 2.755e-01 2.710e-03 7.399e-04 6.720e-03 -1.000 1.527e-02 -5.744 -3.842 -4.619 -5.590 -6.097 -6.501 -7.047 -7.453 -7.516
0.0152 0.01508 7.30103 11.1571369171 2.6269385815   11.159  4.195  3.7072  1.071    2  0.000  0.538     0.00     0.00     0.00     0.00     0.00 -1    -1e-30      0.00 7.092e-01 2.755e-01 2.710e-03 7.399e-04 6.720e-03 -1.000 1.527e-02 -5.719 -3.593 -4.475 -5.514 -6.053 -6.479 -7.066 -7.504 -7.568
0.0152 0.01508 7.30103 11.1571769714 2.6269385815   11.159  4.185  3.6960  1.037    2  0.000  0.538     0.00     0.00     0.00     0.00     0.00 -1    -1e-30      0.00 7.092e-01 2.755e-01 2.710e-03 7.399e-04 6.720e-03 -1.000 1.527e-02 -5.691 -3.330 -4.328 -5.433 -6.003 -6.451 -7.079 -7.548 -7.616
0.0152 0.01508 7.30103 11.1572179794 2.6269385815   11.159  4.172  3.6847  1.004    2  0.000  0.538     0.00     0.00     0.00     0.00     0.00 -1    -1e-30      0.00 7.092e-01 2.755e-01 2.710e-03 7.399e-04 6.720e-03 -1.000 1.527e-02 -5.661 -3.057 -4.178 -5.346 -5.946 -6.413 -7.085 -7.585 -7.659
0.0152 0.01508 7.30103 11.1572599411 2.6269385815   11.159  4.159  3.6739  0.974    2  0.000  0.538     0.00     0.00     0.00     0.00     0.00 -1    -1e-30      0.00 7.092e-01 2.755e-01 2.710e-03 7.399e-04 6.720e-03 -1.000 1.527e-02 -5.627 -2.874 -4.045 -5.264 -5.884 -6.365 -7.080 -7.599 -7.688
0.0152 0.01508 7.30103 11.1573047638 2.6269385815   11.159  4.142  3.6637  0.950    2  0.000  0.538     0.00     0.00     0.00     0.00     0.00 -1    -1e-30      0.00 7.092e-01 2.755e-01 2.710e-03 7.399e-04 6.720e-03 -1.000 1.527e-02 -5.586 -2.680 -3.902 -5.171 -5.810 -6.307 -7.064 -7.599 -7.705
0.0152 0.01508 7.30103 11.1573591232 2.6269385815   11.159  4.120  3.6533  0.931    2  0.000  0.538     0.00     0.00     0.00     0.00     0.00 -1    -1e-30      0.00 7.092e-01 2.755e-01 2.710e-03 7.399e-04 6.720e-03 -1.000 1.527e-02 -5.530 -2.404 -3.723 -5.048 -5.713 -6.231 -7.033 -7.589 -7.711
0.0152 0.01508 7.30103 11.1574115753 2.6269388199   11.159  4.099  3.6459  0.922    2  0.000  0.538     0.00     0.00     0.00     0.00     0.00 -1    -1e-30      0.00 7.092e-01 2.755e-01 2.710e-03 7.399e-04 6.720e-03 -1.000 1.527e-02 -5.478 -2.160 -3.576 -4.939 -5.626 -6.164 -6.998 -7.575 -7.705
0.0152 0.01508 7.30103 11.1575155258 2.6269388199   11.159  4.073  3.6378  0.915    2  0.000  0.538     0.00     0.00     0.00     0.00     0.00 -1    -1e-30      0.00 7.092e-01 2.755e-01 2.710e-03 7.399e-04 6.720e-03 -1.000 1.527e-02 -5.414 -1.883 -3.404 -4.808 -5.521 -6.082 -6.951 -7.553 -7.692
0.0152 0.01508 7.30103 11.1576719284 2.6269388199   11.159  4.041  3.6276  0.907    2  0.000  0.538     0.00     0.00     0.00     0.00     0.00 -1    -1e-30      0.00 7.092e-01 2.755e-01 2.710e-03 7.399e-04 6.720e-03 -1.000 1.527e-02 -5.331 -1.529 -3.180 -4.633 -5.382 -5.976 -6.889 -7.523 -7.674
0.0152 0.01508 7.30103 11.1577167511 2.6269390583   11.159  4.038  3.6245  0.898    2  0.000  0.538     0.00     0.00     0.00     0.00     0.00 -1    -1e-30      0.00 7.092e-01 2.755e-01 2.710e-03 7.399e-04 6.720e-03 -1.000 1.527e-02 -5.325 -1.433 -3.126 -4.596 -5.357 -5.961 -6.888 -7.533 -7.687
0.0152 0.01508 7.30103 11.1578044891 2.6269390583   11.159  4.059  3.6171  0.847    3  0.000  0.537     0.00     0.00     0.00     0.00     0.00 -1    -1e-30      0.00 7.092e-01 2.755e-01 2.705e-03 7.411e-04 6.720e-03 -1.000 1.527e-02 -5.378 -1.262 -3.063 -4.574 -5.363 -5.995 -6.956 -7.623 -7.787
0.0152 0.01508 7.30103 11.1578693390 2.6269390583   11.159  4.094  3.6106  0.786    3  0.000  0.530     0.00     0.00     0.00     0.00     0.00 -1    -1e-30      0.00 7.092e-01 2.755e-01 2.674e-03 7.567e-04 6.720e-03 -1.000 1.527e-02 -5.465 -1.143 -3.041 -4.590 -5.407 -6.066 -7.057 -7.743 -7.916
0.0152 0.01508 7.30103 11.1579160690 2.6269390583   11.160  4.137  3.6050  0.721    3  0.000  0.504     0.00     0.00     0.00     0.00     0.00 -1    -1e-30      0.00 7.092e-01 2.755e-01 2.544e-03 8.630e-04 6.720e-03 -1.000 1.529e-02 -5.572 -1.070 -3.046 -4.627 -5.470 -6.157 -7.175 -7.878 -8.059
0.0152 0.01508 7.30103 11.1579513550 2.6269390583   11.160  4.178  3.6002  0.660    3  0.000  0.468     0.00     0.00     0.00     0.00     0.00 -1    -1e-30      0.00 7.091e-01 2.756e-01 2.359e-03 1.074e-03 6.718e-03 -1.000 1.536e-02 -5.675 -1.015 -3.061 -4.670 -5.535 -6.247 -7.289 -8.005 -8.194
0.0152 0.01508 7.30103 11.1579818726 2.6269392967   11.160  4.219  3.5957  0.601    3  0.000  0.440     0.00     0.00     0.00     0.00     0.00 -1    -1e-30      0.00 7.088e-01 2.758e-01 2.215e-03 1.257e-03 6.709e-03 -1.000 1.537e-02 -5.778 -0.977 -3.077 -4.710 -5.596 -6.336 -7.402 -8.130 -8.326
0.0152 0.01508 7.30103 11.1579904556 2.6269392967   11.160  4.230  3.5946  0.586    3  0.000  0.434     0.00     0.00     0.00     0.00     0.00 -1    -1e-30      0.00 7.087e-01 2.759e-01 2.186e-03 1.297e-03 6.705e-03 -1.000 1.537e-02 -5.805 -0.967 -3.082 -4.721 -5.612 -6.360 -7.431 -8.162 -8.360
0.0152 0.01508 7.30103 11.1580114365 2.6269392967   11.160  4.258  3.5916  0.546    3  0.000  0.425     0.00     0.00     0.00     0.00     0.00 -1    -1e-30      0.00 7.077e-01 2.769e-01 2.122e-03 1.420e-03 6.655e-03 -1.000 1.537e-02 -5.876 -0.944 -3.095 -4.751 -5.656 -6.422 -7.509 -8.248 -8.451
0.0152 0.01508 7.30103 11.1580352783 2.6269392967   11.160  4.288  3.5887  0.504    3  0.000  0.418     0.00     0.00     0.00     0.00     0.00 -1    -1e-30      0.00 7.062e-01 2.785e-01 2.064e-03 1.559e-03 6.578e-03 -1.000 1.537e-02 -5.951 -0.926 -3.109 -4.780 -5.701 -6.487 -7.590 -8.337 -8.544
0.0152 0.01508 7.30103 11.1580410004 2.6269392967   11.160  4.297  3.5878  0.492    3  0.000  0.416     0.00     0.00     0.00     0.00     0.00 -1    -1e-30      0.00 7.057e-01 2.789e-01 2.049e-03 1.595e-03 6.557e-03 -1.000 1.537e-02 -5.973 -0.921 -3.112 -4.787 -5.712 -6.506 -7.614 -8.363 -8.572
0.0152 0.01508 7.30103 11.1580705643 2.6269392967   11.160  4.332  3.5843  0.443    3  0.000  0.411     0.00     0.00     0.00     0.00     0.00 -1    -1e-30      0.00 7.041e-01 2.805e-01 1.999e-03 1.725e-03 6.480e-03 -1.000 1.537e-02 -6.059 -0.900 -3.121 -4.813 -5.758 -6.582 -7.709 -8.467 -8.682
0.0152 0.01508 7.30103 11.1581077576 2.6269392967   11.160  4.371  3.5804  0.388    3  0.000  0.406     0.00     0.00     0.00     0.00     0.00 -1    -1e-30      0.00 7.027e-01 2.820e-01 1.954e-03 1.840e-03 6.411e-03 -1.000 1.536e-02 -6.158 -0.877 -3.132 -4.844 -5.811 -6.668 -7.818 -8.586 -8.807
0.0152 0.01508 7.30103 11.1581449509 2.6269392967   11.160  4.402  3.5773  0.344    3  0.000  0.403     0.00     0.00     0.00     0.00     0.00 -1    -1e-30      0.00 7.018e-01 2.829e-01 1.927e-03 1.910e-03 6.370e-03 -1.000 1.533e-02 -6.236 -0.866 -3.134 -4.855 -5.842 -6.734 -7.904 -8.679 -8.905
0.0152 0.01508 7.30103 11.1582002640 2.6269392967   11.160  4.438  3.5737  0.295    3  0.000  0.400     0.00     0.00     0.00     0.00     0.00 -1    -1e-30      0.00 7.010e-01 2.837e-01 1.902e-03 1.976e-03 6.331e-03 -1.000 1.530e-02 -6.324 -0.855 -3.133 -4.866 -5.875 -6.808 -8.001 -8.785 -9.017
0.0152 0.01508 7.30103 11.1582889557 2.6269395351   11.160  4.469  3.5704  0.250    3  0.000  0.398     0.00     0.00     0.00     0.00     0.00 -1    -1e-30      0.00 7.003e-01 2.843e-01 1.882e-03 2.027e-03 6.301e-03 -1.000 1.536e-02 -6.403 -0.845 -3.131 -4.873 -5.903 -6.874 -8.088 -8.879 -9.117
0.0152 0.01508 7.30103 11.1585416794 2.6269395351   11.160  4.503  3.5668  0.202    3  0.000  0.396     0.00     0.00     0.00     0.00     0.00 -1    -1e-30      0.00 6.994e-01 2.853e-01 1.858e-03 2.093e-03 6.259e-03 -1.000 1.537e-02 -6.488 -0.840 -3.117 -4.863 -5.920 -6.942 -8.184 -8.983 -9.227
0.0152 0.01508 7.30103 11.1600284576 2.6269409657   11.161  4.557  3.5611  0.126    3  0.000  0.394     0.00     0.00     0.00     0.00     0.00 -1    -1e-30      0.00 6.916e-01 2.931e-01 1.791e-03 2.352e-03 6.057e-03 -1.000 1.532e-02 -6.622 -0.834 -3.094 -4.844 -5.946 -7.049 -8.333 -9.145 -9.398
0.0152 0.01508 7.30103 11.1642847061 2.6269443035   11.166  4.596  3.5573  0.071    3  0.000  0.394     0.00     0.00     0.00     0.00     0.00 -1    -1e-30      0.00 6.838e-01 3.009e-01 1.745e-03 2.544e-03 5.904e-03 -1.000 1.532e-02 -6.720 -0.836 -3.071 -4.817 -5.955 -7.123 -8.443 -9.262 -9.522
0.0152 0.01508 7.30103 11.1730909348 2.6269514561   11.175  4.588  3.5583  0.083    3  0.000  0.394     0.00     0.00     0.00     0.00     0.00 -1    -1e-30      0.00 6.838e-01 3.009e-01 1.745e-03 2.544e-03 5.904e-03 -1.000 1.532e-02 -6.700 -0.840 -3.084 -4.833 -5.960 -7.111 -8.420 -9.238 -9.496
0.0152 0.01508 7.30103 11.2068309784 2.6269788742   11.208  4.553  3.5627  0.137    4  0.000  0.394     0.00     0.00     0.00     0.00     0.00 -1    -1e-30      0.00 6.837e-01 3.009e-01 1.745e-03 2.545e-03 5.903e-03 -1.000 1.533e-02 -6.613 -0.856 -3.125 -4.876 -5.967 -7.048 -8.321 -9.129 -9.380
0.0152 0.01508 7.30103 11.2341947556 2.6270008087   11.236  4.516  3.5673  0.194    4  0.000  0.394     0.00     0.00     0.00     0.00     0.00 -1    -1e-30      0.00 6.837e-01 3.009e-01 1.744e-03 2.546e-03 5.902e-03 -1.000 1.533e-02 -6.519 -0.871 -3.158 -4.907 -5.961 -6.976 -8.214 -9.011 -9.255
0.0152 0.01508 7.30103 11.2592191696 2.6270208359   11.261  4.481  3.5716  0.247    4  0.000  0.394     0.00     0.00     0.00     0.00     0.00 -1    -1e-30      0.00 6.837e-01 3.010e-01 1.744e-03 2.546e-03 5.902e-03 -1.000 1.533e-02 -6.432 -0.889 -3.183 -4.926 -5.950 -6.908 -8.115 -8.902 -9.139
0.0152 0.01508 7.30103 11.2853889465 2.6270418167   11.287  4.451  3.5755  0.293    4  0.000  0.394     0.00     0.00     0.00     0.00     0.00 -1    -1e-30      0.00 6.837e-01 3.010e-01 1.744e-03 2.547e-03 5.901e-03 -1.000 1.533e-02 -6.358 -0.916 -3.203 -4.936 -5.936 -6.849 -8.032 -8.809 -9.039
0.0152 0.01508 7.30103 11.3260192871 2.6270737648   11.328  4.425  3.5799  0.339    4  0.000  0.394     0.00     0.00     0.00     0.00     0.00 -1    -1e-30      0.00 6.837e-01 3.010e-01 1.744e-03 2.548e-03 5.901e-03 -1.000 1.533e-02 -6.292 -0.959 -3.240 -4.965 -5.937 -6.800 -7.954 -8.720 -8.944
0.0152 0.01508 7.30103 11.4131803513 2.6271419525   11.415  4.403  3.5863  0.389    4  0.000  0.394     0.00     0.00     0.00     0.00     0.00 -1    -1e-30      0.00 6.837e-01 3.010e-01 1.743e-03 2.550e-03 5.899e-03 -1.000 1.534e-02 -6.238 -1.067 -3.316 -5.019 -5.958 -6.767 -7.886 -8.634 -8.848
0.0152 0.01508 7.30103 11.4341411591 2.6271581650   11.436  4.402  3.5874  0.395    4  0.000  0.394     0.00     0.00     0.00     0.00     0.00 -1    -1e-30      0.00 6.837e-01 3.010e-01 1.743e-03 2.551e-03 5.899e-03 -1.000 1.534e-02 -6.236 -1.091 -3.336 -5.035 -5.970 -6.769 -7.882 -8.627 -8.840
0.0152 0.01508 7.30103 11.5128707886 2.6272182465   11.514  4.420  3.5896  0.390    5  0.000  0.394     0.00     0.00     0.00     0.00     0.00 -1    -1e-30      0.00 6.836e-01 3.010e-01 1.742e-03 2.553e-03 5.897e-03 -1.000 1.534e-02 -6.280 -1.173 -3.419 -5.116 -6.040 -6.822 -7.923 -8.660 -8.869
0.0152 0.01508 7.30103 11.5295543671 2.6272308826   11.531  4.430  3.5909  0.386    5  0.000  0.394     0.00     0.00     0.00     0.00     0.00 -1    -1e-30      0.00 6.836e-01 3.010e-01 1.742e-03 2.553e-03 5.897e-03 -1.000 1.534e-02 -6.304 -1.219 -3.463 -5.157 -6.076 -6.849 -7.945 -8.677 -8.885
0.0152 0.01508 7.30103 11.5323657990 2.6272330284   11.534  4.438  3.5926  0.384    5  0.000  0.394     0.00     0.00     0.00     0.00     0.00 -1    -1e-30      0.00 6.836e-01 3.010e-01 1.742e-03 2.553e-03 5.897e-03 -1.000 1.534e-02 -6.326 -1.276 -3.513 -5.203 -6.115 -6.877 -7.964 -8.690 -8.896
0.0152 0.01508 7.30103 11.5331897736 2.6272337437   11.535  4.444  3.5951  0.389    5  0.000  0.394     0.00     0.00     0.00     0.00     0.00 -1    -1e-30      0.00 6.836e-01 3.010e-01 1.742e-03 2.553e-03 5.897e-03 -1.000 1.534e-02 -6.339 -1.347 -3.570 -5.251 -6.152 -6.898 -7.973 -8.690 -8.893
0.0152 0.01508 7.30103 11.5334367752 2.6272339821   11.535  4.446  3.5975  0.396    5  0.000  0.394     0.00     0.00     0.00     0.00     0.00 -1    -1e-30      0.00 6.836e-01 3.010e-01 1.742e-03 2.553e-03 5.897e-03 -1.000 1.534e-02 -6.344 -1.411 -3.617 -5.290 -6.180 -6.911 -7.974 -8.684 -8.883
0.0152 0.01508 7.30103 11.5335636139 2.6272339821   11.535  4.447  3.5994  0.403    5  0.000  0.394     0.00     0.00     0.00     0.00     0.00 -1    -1e-30      0.00 6.836e-01 3.010e-01 1.742e-03 2.553e-03 5.897e-03 -1.000 1.534e-02 -6.347 -1.460 -3.654 -5.319 -6.200 -6.920 -7.973 -8.676 -8.873
0.0152 0.01508 7.30103 11.5336885452 2.6272342205   11.535  4.447  3.6019  0.412    5  0.000  0.394     0.00     0.00     0.00     0.00     0.00 -1    -1e-30      0.00 6.836e-01 3.010e-01 1.742e-03 2.553e-03 5.897e-03 -1.000 1.534e-02 -6.348 -1.528 -3.698 -5.352 -6.222 -6.929 -7.970 -8.666 -8.860
0.0152 0.01508 7.30103 11.5337924957 2.6272342205   11.535  4.448  3.6043  0.421    5  0.000  0.394     0.00     0.00     0.00     0.00     0.00 -1    -1e-30      0.00 6.836e-01 3.010e-01 1.742e-03 2.553e-03 5.897e-03 -1.000 1.534e-02 -6.350 -1.594 -3.740 -5.383 -6.243 -6.937 -7.968 -8.655 -8.846
0.0152 0.01508 7.30103 11.5338888168 2.6272342205   11.535  4.448  3.6066  0.430    5  0.000  0.394     0.00     0.00     0.00     0.00     0.00 -1    -1e-30      0.00 6.836e-01 3.010e-01 1.742e-03 2.553e-03 5.897e-03 -1.000 1.534e-02 -6.351 -1.659 -3.781 -5.413 -6.263 -6.946 -7.965 -8.645 -8.832
0.0152 0.01508 7.30103 11.5339813232 2.6272342205   11.535  4.449  3.6089  0.439    5  0.000  0.394     0.00     0.00     0.00     0.00     0.00 -1    -1e-30      0.00 6.836e-01 3.010e-01 1.742e-03 2.553e-03 5.897e-03 -1.000 1.534e-02 -6.352 -1.724 -3.821 -5.443 -6.282 -6.953 -7.962 -8.634 -8.818
0.0152 0.01508 7.30103 11.5340728760 2.6272344589   11.535  4.449  3.6112  0.448    5  0.000  0.394     0.00     0.00     0.00     0.00     0.00 -1    -1e-30      0.00 6.836e-01 3.010e-01 1.742e-03 2.553e-03 5.897e-03 -1.000 1.534e-02 -6.353 -1.791 -3.861 -5.471 -6.300 -6.961 -7.958 -8.623 -8.805
0.0152 0.01508 7.30103 11.5341653824 2.6272344589   11.536  4.449  3.6135  0.457    5  0.000  0.394     0.00     0.00     0.00     0.00     0.00 -1    -1e-30      0.00 6.836e-01 3.010e-01 1.742e-03 2.553e-03 5.897e-03 -1.000 1.534e-02 -6.353 -1.859 -3.899 -5.497 -6.317 -6.968 -7.955 -8.613 -8.791
0.0152 0.01508 7.30103 11.5342826843 2.6272344589   11.536  4.450  3.6164  0.468    5  0.000  0.394     0.00     0.00     0.00     0.00     0.00 -1    -1e-30      0.00 6.836e-01 3.010e-01 1.742e-03 2.553e-03 5.897e-03 -1.000 1.534e-02 -6.354 -1.944 -3.947 -5.530 -6.337 -6.977 -7.950 -8.599 -8.774
0.0152 0.01508 7.30103 11.5344057083 2.6272346973   11.536  4.450  3.6192  0.479    5  0.000  0.394     0.00     0.00     0.00     0.00     0.00 -1    -1e-30      0.00 6.836e-01 3.010e-01 1.742e-03 2.553e-03 5.897e-03 -1.000 1.534e-02 -6.355 -2.029 -3.994 -5.562 -6.358 -6.986 -7.946 -8.586 -8.756
0.0152 0.01508 7.30103 11.5345354080 2.6272346973   11.536  4.450  3.6221  0.490    5  0.000  0.394     0.00     0.00     0.00     0.00     0.00 -1    -1e-30      0.00 6.836e-01 3.010e-01 1.742e-03 2.553e-03 5.897e-03 -1.000 1.534e-02 -6.356 -2.116 -4.040 -5.592 -6.377 -6.994 -7.941 -8.572 -8.739
0.0152 0.01508 7.30103 11.5346431732 2.6272349358   11.536  4.450  3.6244  0.499    5  0.000  0.394     0.00     0.00     0.00     0.00     0.00 -1    -1e-30      0.00 6.836e-01 3.010e-01 1.742e-03 2.553e-03 5.897e-03 -1.000 1.534e-02 -6.356 -2.186 -4.076 -5.615 -6.391 -7.000 -7.937 -8.561 -8.725
0.0152 0.01508 7.30103 11.5347585678 2.6272349358   11.536  4.451  3.6266  0.508    5  0.000  0.394     0.00     0.00     0.00     0.00     0.00 -1    -1e-30      0.00 6.836e-01 3.010e-01 1.742e-03 2.553e-03 5.897e-03 -1.000 1.534e-02 -6.356 -2.255 -4.111 -5.638 -6.406 -7.006 -7.933 -8.550 -8.711
0.0152 0.01508 7.30103 11.5348777771 2.6272349358   11.536  4.451  3.6289  0.517    5  0.000  0.394     0.00     0.00     0.00     0.00     0.00 -1    -1e-30      0.00 6.836e-01 3.010e-01 1.742e-03 2.553e-03 5.897e-03 -1.000 1.534e-02 -6.357 -2.323 -4.147 -5.661 -6.420 -7.012 -7.929 -8.539 -8.697
0.0152 0.01508 7.30103 11.5350046158 2.6272351742   11.536  4.451  3.6312  0.526    5  0.000  0.394     0.00     0.00     0.00     0.00     0.00 -1    -1e-30      0.00 6.836e-01 3.010e-01 1.742e-03 2.553e-03 5.897e-03 -1.000 1.534e-02 -6.357 -2.391 -4.181 -5.683 -6.433 -7.018 -7.924 -8.529 -8.683
0.0152 0.01508 7.30103 11.5351734161 2.6272351742   11.536  4.451  3.6340  0.537    5  0.000  0.394     0.00     0.00     0.00     0.00     0.00 -1    -1e-30      0.00 6.836e-01 3.010e-01 1.742e-03 2.553e-03 5.897e-03 -1.000 1.534e-02 -6.357 -2.477 -4.223 -5.708 -6.449 -7.025 -7.919 -8.515 -8.666
0.0152 0.01508 7.30103 11.5353555679 2.6272354126   11.537  4.451  3.6368  0.548    5  0.000  0.394     0.00     0.00     0.00     0.00     0.00 -1    -1e-30      0.00 6.836e-01 3.010e-01 1.742e-03 2.553e-03 5.897e-03 -1.000 1.534e-02 -6.357 -2.563 -4.264 -5.734 -6.465 -7.032 -7.913 -8.501 -8.648
0.0152 0.01508 7.30103 11.5355567932 2.6272354126   11.537  4.451  3.6396  0.560    5  0.000  0.394     0.00     0.00     0.00     0.00     0.00 -1    -1e-30      0.00 6.836e-01 3.010e-01 1.742e-03 2.553e-03 5.897e-03 -1.000 1.534e-02 -6.357 -2.647 -4.305 -5.759 -6.480 -7.039 -7.907 -8.487 -8.631
0.0152 0.01508 7.30103 11.5357809067 2.6272356510   11.537  4.451  3.6424  0.571    5  0.000  0.394     0.00     0.00     0.00     0.00     0.00 -1    -1e-30      0.00 6.836e-01 3.010e-01 1.742e-03 2.553e-03 5.897e-03 -1.000 1.534e-02 -6.357 -2.730 -4.345 -5.782 -6.494 -7.045 -7.900 -8.473 -8.613
0.0152 0.01508 7.30103 11.5360364914 2.6272358894   11.537  4.451  3.6452  0.582    5  0.000  0.394     0.00     0.00     0.00     0.00     0.00 -1    -1e-30      0.00 6.836e-01 3.010e-01 1.742e-03 2.553e-03 5.897e-03 -1.000 1.534e-02 -6.357 -2.811 -4.383 -5.805 -6.507 -7.050 -7.894 -8.459 -8.595
0.0152 0.01508 7.30103 11.5363340378 2.6272361279   11.538  4.451  3.6479  0.593    5  0.000  0.394     0.00     0.00     0.00     0.00     0.00 -1    -1e-30      0.00 6.836e-01 3.010e-01 1.742e-03 2.553e-03 5.897e-03 -1.000 1.534e-02 -6.357 -2.891 -4.421 -5.827 -6.520 -7.056 -7.887 -8.444 -8.577
0.0152 0.01508 7.30103 11.5366954803 2.6272363663   11.538  4.451  3.6506  0.604    5  0.000  0.394     0.00     0.00     0.00     0.00     0.00 -1    -1e-30      0.00 6.836e-01 3.010e-01 1.742e-03 2.553e-03 5.897e-03 -1.000 1.534e-02 -6.356 -2.969 -4.458 -5.848 -6.533 -7.060 -7.880 -8.430 -8.560
0.0152 0.01508 7.30103 11.5370540619 2.6272366047   11.538  4.450  3.6527  0.613    5  0.000  0.394     0.00     0.00     0.00     0.00     0.00 -1    -1e-30      0.00 6.836e-01 3.010e-01 1.742e-03 2.553e-03 5.897e-03 -1.000 1.534e-02 -6.356 -3.030 -4.486 -5.863 -6.542 -7.064 -7.874 -8.419 -8.546
0.0152 0.01508 7.30103 11.5375118256 2.6272370815   11.539  4.450  3.6548  0.621    5  0.000  0.394     0.00     0.00     0.00     0.00     0.00 -1    -1e-30      0.00 6.836e-01 3.010e-01 1.742e-03 2.553e-03 5.897e-03 -1.000 1.534e-02 -6.355 -3.088 -4.513 -5.878 -6.550 -7.067 -7.868 -8.407 -8.532
0.0152 0.01508 7.30103 11.5381498337 2.6272375584   11.539  4.450  3.6568  0.629    5  0.000  0.394     0.00     0.00     0.00     0.00     0.00 -1    -1e-30      0.00 6.836e-01 3.010e-01 1.742e-03 2.553e-03 5.897e-03 -1.000 1.534e-02 -6.355 -3.144 -4.539 -5.893 -6.558 -7.070 -7.862 -8.397 -8.519
0.0152 0.01508 7.30103 11.5392036438 2.6272382736   11.541  4.450  3.6586  0.637    5  0.000  0.394     0.00     0.00     0.00     0.00     0.00 -1    -1e-30      0.00 6.836e-01 3.010e-01 1.742e-03 2.553e-03 5.897e-03 -1.000 1.534e-02 -6.354 -3.193 -4.563 -5.905 -6.565 -7.073 -7.857 -8.388 -8.507
0.0152 0.01508 7.30103 11.5451993942 2.6272428036   11.547  4.450  3.6596  0.641    5  0.000  0.394     0.00     0.00     0.00     0.00     0.00 -1    -1e-30      0.00 6.836e-01 3.010e-01 1.742e-03 2.553e-03 5.897e-03 -1.000 1.535e-02 -6.356 -3.220 -4.578 -5.913 -6.571 -7.076 -7.856 -8.385 -8.503
0.0152 0.01508 7.30103 11.5741901398 2.6272644997   11.575  4.456  3.6512  0.602    6  0.000  0.394     0.00     0.00     0.00     0.00     0.00 -1    -1e-30      0.00 6.836e-01 3.010e-01 1.742e-03 2.554e-03 5.896e-03 -1.000 1.535e-02 -6.370 -2.998 -4.479 -5.866 -6.549 -7.075 -7.892 -8.441 -8.570
0.0152 0.01508 7.30103 11.5865211487 2.6272737980   11.588  4.458  3.6464  0.581    6  0.000  0.394     0.00     0.00     0.00     0.00     0.00 -1    -1e-30      0.00 6.836e-01 3.010e-01 1.742e-03 2.554e-03 5.896e-03 -1.000 1.535e-02 -6.376 -2.863 -4.418 -5.834 -6.532 -7.072 -7.910 -8.471 -8.606
0.0152 0.01508 7.30103 11.5969161987 2.6272816658   11.598  4.461  3.6422  0.562    6  0.000  0.394     0.00     0.00     0.00     0.00     0.00 -1    -1e-30      0.00 6.836e-01 3.010e-01 1.742e-03 2.555e-03 5.896e-03 -1.000 1.535e-02 -6.381 -2.742 -4.364 -5.804 -6.517 -7.068 -7.925 -8.498 -8.639
0.0152 0.01508 7.30103 11.6031856537 2.6272861958   11.604  4.463  3.6391  0.548    6  0.000  0.394     0.00     0.00     0.00     0.00     0.00 -1    -1e-30      0.00 6.836e-01 3.011e-01 1.742e-03 2.555e-03 5.896e-03 -1.000 1.535e-02 -6.387 -2.655 -4.325 -5.784 -6.507 -7.067 -7.938 -8.519 -8.663
0.0152 0.01508 7.30103 11.6093111038 2.6272907257   11.611  4.465  3.6357  0.533    6  0.000  0.394     0.00     0.00     0.00     0.00     0.00 -1    -1e-30      0.00 6.836e-01 3.011e-01 1.742e-03 2.555e-03 5.896e-03 -1.000 1.535e-02 -6.392 -2.555 -4.280 -5.758 -6.493 -7.065 -7.951 -8.541 -8.691
0.0152 0.01508 7.30103 11.6142587662 2.6272945404   11.615  4.467  3.6326  0.519    6  0.000  0.394     0.00     0.00     0.00     0.00     0.00 -1    -1e-30      0.00 6.836e-01 3.011e-01 1.742e-03 2.555e-03 5.896e-03 -1.000 1.535e-02 -6.397 -2.465 -4.239 -5.735 -6.481 -7.062 -7.962 -8.561 -8.715
0.0152 0.01508 7.30103 11.6184692383 2.6272976398   11.620  4.469  3.6297  0.505    6  0.000  0.394     0.00     0.00     0.00     0.00     0.00 -1    -1e-30      0.00 6.836e-01 3.011e-01 1.742e-03 2.555e-03 5.895e-03 -1.000 1.535e-02 -6.402 -2.380 -4.200 -5.713 -6.469 -7.060 -7.973 -8.581 -8.738
0.0152 0.01508 7.30103 11.6229591370 2.6273009777   11.624  4.471  3.6262  0.490    6  0.000  0.394     0.00     0.00     0.00     0.00     0.00 -1    -1e-30      0.00 6.836e-01 3.011e-01 1.742e-03 2.555e-03 5.895e-03 -1.000 1.535e-02 -6.407 -2.279 -4.151 -5.684 -6.453 -7.056 -7.985 -8.603 -8.764
0.0152 0.01508 7.30103 11.6260528564 2.6273033619   11.627  4.472  3.6237  0.478    6  0.000  0.394     0.00     0.00     0.00     0.00     0.00 -1    -1e-30      0.00 6.836e-01 3.011e-01 1.742e-03 2.555e-03 5.895e-03 -1.000 1.535e-02 -6.410 -2.203 -4.114 -5.661 -6.441 -7.053 -7.993 -8.619 -8.784
0.0152 0.01508 7.30103 11.6287813187 2.6273052692   11.630  4.473  3.6212  0.467    6  0.000  0.394     0.00     0.00     0.00     0.00     0.00 -1    -1e-30      0.00 6.836e-01 3.011e-01 1.741e-03 2.555e-03 5.895e-03 -1.000 1.535e-02 -6.413 -2.129 -4.078 -5.639 -6.428 -7.049 -8.001 -8.634 -8.802
0.0152 0.01508 7.30103 11.6317472458 2.6273074150   11.633  4.474  3.6182  0.454    6  0.000  0.394     0.00     0.00     0.00     0.00     0.00 -1    -1e-30      0.00 6.836e-01 3.011e-01 1.741e-03 2.556e-03 5.895e-03 -1.000 1.535e-02 -6.416 -2.042 -4.033 -5.610 -6.412 -7.044 -8.010 -8.651 -8.824
0.0152 0.01508 7.30103 11.6338214874 2.6273090839   11.635  4.475  3.6159  0.445    6  0.000  0.394     0.00     0.00     0.00     0.00     0.00 -1    -1e-30      0.00 6.836e-01 3.011e-01 1.741e-03 2.556e-03 5.895e-03 -1.000 1.535e-02 -6.418 -1.976 -3.997 -5.587 -6.398 -7.040 -8.016 -8.665 -8.840
0.0152 0.01508 7.30103 11.6356763840 2.6273105145   11.637  4.476  3.6137  0.435    6  0.000  0.394     0.00     0.00     0.00     0.00     0.00 -1    -1e-30      0.00 6.836e-01 3.011e-01 1.741e-03 2.556e-03 5.895e-03 -1.000 1.535e-02 -6.419 -1.911 -3.962 -5.564 -6.384 -7.035 -8.021 -8.677 -8.856
0.0152 0.01508 7.30103 11.6377134323 2.6273119450   11.639  4.476  3.6110  0.424    6  0.000  0.394     0.00     0.00     0.00     0.00     0.00 -1    -1e-30      0.00 6.836e-01 3.011e-01 1.741e-03 2.556e-03 5.895e-03 -1.000 1.535e-02 -6.421 -1.832 -3.919 -5.535 -6.367 -7.029 -8.028 -8.692 -8.874
0.0152 0.01508 7.30103 11.6391468048 2.6273128986   11.640  4.477  3.6089  0.415    6  0.000  0.394     0.00     0.00     0.00     0.00     0.00 -1    -1e-30      0.00 6.836e-01 3.011e-01 1.741e-03 2.556e-03 5.895e-03 -1.000 1.535e-02 -6.422 -1.773 -3.884 -5.511 -6.352 -7.024 -8.033 -8.703 -8.888
0.0152 0.01508 7.30103 11.6404228210 2.6273138523   11.642  4.477  3.6069  0.407    6  0.000  0.394     0.00     0.00     0.00     0.00     0.00 -1    -1e-30      0.00 6.836e-01 3.011e-01 1.741e-03 2.556e-03 5.895e-03 -1.000 1.535e-02 -6.422 -1.717 -3.850 -5.486 -6.336 -7.018 -8.037 -8.714 -8.902
0.0152 0.01508 7.30103 11.6415596008 2.6273148060   11.643  4.477  3.6049  0.398    6  0.000  0.394     0.00     0.00     0.00     0.00     0.00 -1    -1e-30      0.00 6.836e-01 3.011e-01 1.741e-03 2.556e-03 5.895e-03 -1.000 1.535e-02 -6.423 -1.661 -3.816 -5.462 -6.320 -7.013 -8.041 -8.725 -8.916
0.0152 0.01508 7.30103 11.6425676346 2.6273155212   11.644  4.477  3.6029  0.390    6  0.000  0.394     0.00     0.00     0.00     0.00     0.00 -1    -1e-30      0.00 6.836e-01 3.011e-01 1.741e-03 2.556e-03 5.895e-03 -1.000 1.535e-02 -6.423 -1.607 -3.782 -5.437 -6.305 -7.007 -8.045 -8.735 -8.929
0.0152 0.01508 7.30103 11.6434640884 2.6273162365   11.645  4.477  3.6009  0.382    6  0.000  0.394     0.00     0.00     0.00     0.00     0.00 -1    -1e-30      0.00 6.836e-01 3.011e-01 1.741e-03 2.556e-03 5.895e-03 -1.000 1.535e-02 -6.423 -1.553 -3.748 -5.413 -6.289 -7.001 -8.048 -8.745 -8.941
0.0152 0.01508 7.30103 11.6442651749 2.6273167133   11.646  4.477  3.5990  0.375    6  0.000  0.394     0.00     0.00     0.00     0.00     0.00 -1    -1e-30      0.00 6.836e-01 3.011e-01 1.741e-03 2.556e-03 5.895e-03 -1.000 1.535e-02 -6.423 -1.502 -3.714 -5.387 -6.272 -6.995 -8.052 -8.755 -8.953
0.0152 0.01508 7.30103 11.6449832916 2.6273171902   11.646  4.477  3.5971  0.367    6  0.000  0.394     0.00     0.00     0.00     0.00     0.00 -1    -1e-30      0.00 6.836e-01 3.011e-01 1.741e-03 2.556e-03 5.895e-03 -1.000 1.535e-02 -6.423 -1.454 -3.680 -5.360 -6.254 -6.989 -8.055 -8.764 -8.965
0.0152 0.01508 7.30103 11.6456346512 2.6273176670   11.647  4.477  3.5952  0.360    6  0.000  0.394     0.00     0.00     0.00     0.00     0.00 -1    -1e-30      0.00 6.836e-01 3.011e-01 1.741e-03 2.556e-03 5.895e-03 -1.000 1.535e-02 -6.422 -1.406 -3.645 -5.333 -6.235 -6.982 -8.058 -8.773 -8.977
0.0152 0.01508 7.30103 11.6462297440 2.6273181438   11.647  4.477  3.5933  0.353    6  0.000  0.394     0.00     0.00     0.00     0.00     0.00 -1    -1e-30      0.00 6.836e-01 3.011e-01 1.741e-03 2.556e-03 5.895e-03 -1.000 1.535e-02 -6.422 -1.359 -3.611 -5.306 -6.217 -6.976 -8.060 -8.782 -8.988
0.0152 0.01508 7.30103 11.6467847824 2.6273186207   11.648  4.476  3.5915  0.346    6  0.000  0.394     0.00     0.00     0.00     0.00     0.00 -1    -1e-30      0.00 6.836e-01 3.011e-01 1.741e-03 2.556e-03 5.895e-03 -1.000 1.535e-02 -6.421 -1.312 -3.577 -5.279 -6.198 -6.969 -8.063 -8.790 -8.999
0.0152 0.01508 7.30103 11.6473255157 2.6273190975   11.649  4.476  3.5896  0.339    6  0.000  0.394     0.00     0.00     0.00     0.00     0.00 -1    -1e-30      0.00 6.836e-01 3.011e-01 1.741e-03 2.556e-03 5.895e-03 -1.000 1.535e-02 -6.419 -1.267 -3.543 -5.251 -6.179 -6.961 -8.064 -8.798 -9.009
0.0152 0.01508 7.30103 11.6478862762 2.6273193359   11.649  4.475  3.5879  0.333    6  0.000  0.394     0.00     0.00     0.00     0.00     0.00 -1    -1e-30      0.00 6.836e-01 3.011e-01 1.741e-03 2.556e-03 5.895e-03 -1.000 1.535e-02 -6.417 -1.226 -3.507 -5.220 -6.156 -6.953 -8.066 -8.804 -9.018
0.0152 0.01508 7.30103 11.6485233307 2.6273198128   11.650  4.473  3.5861  0.327    6  0.000  0.394     0.00     0.00     0.00     0.00     0.00 -1    -1e-30      0.00 6.836e-01 3.011e-01 1.741e-03 2.556e-03 5.895e-03 -1.000 1.535e-02 -6.414 -1.186 -3.471 -5.188 -6.133 -6.944 -8.066 -8.810 -9.026
0.0152 0.01508 7.30103 11.6493263245 2.6273205280   11.651  4.471  3.5845  0.323    6  0.000  0.394     0.00     0.00     0.00     0.00     0.00 -1    -1e-30      0.00 6.836e-01 3.011e-01 1.741e-03 2.556e-03 5.895e-03 -1.000 1.535e-02 -6.408 -1.146 -3.435 -5.156 -6.108 -6.933 -8.063 -8.813 -9.031
0.0152 0.01508 7.30103 11.6506843567 2.6273214817   11.652  4.468  3.5832  0.321    6  0.000  0.394     0.00     0.00     0.00     0.00     0.00 -1    -1e-30      0.00 6.836e-01 3.011e-01 1.741e-03 2.556e-03 5.895e-03 -1.000 1.535e-02 -6.399 -1.110 -3.400 -5.124 -6.083 -6.919 -8.056 -8.810 -9.030
0.0152 0.01508 7.30103 11.6520395279 2.6273224354   11.653  4.463  3.5819  0.321    6  0.000  0.394     0.00     0.00     0.00     0.00     0.00 -1    -1e-30      0.00 6.836e-01 3.011e-01 1.741e-03 2.556e-03 5.895e-03 -1.000 1.535e-02 -6.387 -1.075 -3.366 -5.092 -6.056 -6.902 -8.046 -8.805 -9.026
0.0152 0.01508 7.30103 11.6536951065 2.6273236275   11.655  4.464  3.5802  0.313    6  0.000  0.394     0.00     0.00     0.00     0.00     0.00 -1    -1e-30      0.00 6.836e-01 3.011e-01 1.741e-03 2.556e-03 5.895e-03 -1.000 1.535e-02 -6.391 -1.039 -3.336 -5.066 -6.040 -6.900 -8.054 -8.817 -9.041
0.0152 0.01508 7.30103 11.6550855637 2.6273248196   11.656  4.470  3.5791  0.303    6  0.000  0.394     0.00     0.00     0.00     0.00     0.00 -1    -1e-30      0.00 6.836e-01 3.011e-01 1.741e-03 2.556e-03 5.895e-03 -1.000 1.535e-02 -6.405 -1.028 -3.326 -5.059 -6.039 -6.911 -8.071 -8.837 -9.063
0.0152 0.01508 7.30103 11.6713113785 2.6273367405   11.672  4.502  3.5744  0.252    6  0.000  0.394     0.00     0.00     0.00     0.00     0.00 -1    -1e-30      0.00 6.836e-01 3.011e-01 1.741e-03 2.556e-03 5.895e-03 -1.000 1.535e-02 -6.486 -0.992 -3.296 -5.039 -6.047 -6.973 -8.163 -8.942 -9.175
0.0152 0.01508 7.30103 11.6785421371 2.6273419857   11.680  4.539  3.5694  0.196    6  0.000  0.394     0.00     0.00     0.00     0.00     0.00 -1    -1e-30      0.00 6.836e-01 3.011e-01 1.741e-03 2.557e-03 5.894e-03 -1.000 1.535e-02 -6.578 -0.960 -3.267 -5.021 -6.061 -7.046 -8.269 -9.059 -9.300
0.0152 0.01508 7.30103 11.6791162491 2.6273424625   11.680  4.567  3.5661  0.155    7  0.000  0.394     0.00     0.00     0.00     0.00     0.00 -1    -1e-30      0.00 6.836e-01 3.011e-01 1.741e-03 2.557e-03 5.894e-03 -1.000 1.535e-02 -6.648 -0.951 -3.246 -5.002 -6.067 -7.099 -8.347 -9.145 -9.391
0.0152 0.01508 7.30103 11.6817970276 2.6273443699   11.683  4.608  3.5613  0.095    7  0.000  0.393     0.00     0.00     0.00     0.00     0.00 -1    -1e-30      0.00 6.836e-01 3.011e-01 1.740e-03 2.558e-03 5.894e-03 -1.000 1.535e-02 -6.750 -0.938 -3.214 -4.973 -6.076 -7.178 -8.462 -9.272 -9.526
0.0152 0.01508 7.30103 11.6827535629 2.6273450851   11.684  4.629  3.5589  0.064    7  0.000  0.393     0.00     0.00     0.00     0.00     0.00 -1    -1e-30      0.00 6.836e-01 3.011e-01 1.736e-03 2.563e-03 5.894e-03 -1.000 1.535e-02 -6.801 -0.933 -3.195 -4.952 -6.076 -7.216 -8.521 -9.335 -9.593
0.0152 0.01508 7.30103 11.6835441589 2.6273455620   11.685  4.645  3.5570  0.041    7  0.000  0.392     0.00     0.00     0.00     0.00     0.00 -1    -1e-30      0.00 6.836e-01 3.011e-01 1.734e-03 2.566e-03 5.894e-03 -1.000 1.535e-02 -6.842 -0.930 -3.176 -4.929 -6.072 -7.244 -8.567 -9.385 -9.646
0.0152 0.01508 7.30103 11.6845312119 2.6273465157   11.686  4.675  3.5536 -0.003    7  0.000  0.391     0.00     0.00     0.00     0.00     0.00 -1    -1e-30      0.00 6.836e-01 3.011e-01 1.730e-03 2.570e-03 5.893e-03 -1.000 1.534e-02 -6.917 -0.925 -3.140 -4.886 -6.063 -7.296 -8.652 -9.477 -9.744
0.0152 0.01508 7.30103 11.6856641769 2.6273472309   11.687  4.707  3.5497 -0.051    7  0.000  0.390     0.00     0.00     0.00     0.00     0.00 -1    -1e-30      0.00 6.836e-01 3.011e-01 1.725e-03 2.577e-03 5.892e-03 -1.000 1.535e-02 -6.998 -0.919 -3.095 -4.833 -6.051 -7.353 -8.746 -9.578 -9.852
0.0152 0.01508 7.30103 11.6870193481 2.6273481846   11.688  4.743  3.5455 -0.104    7  0.000  0.389     0.00     0.00     0.00     0.00     0.00 -1    -1e-30      0.00 6.835e-01 3.011e-01 1.718e-03 2.587e-03 5.890e-03 -1.000 1.535e-02 -7.089 -0.915 -3.023 -4.744 -6.018 -7.403 -8.850 -9.689 -9.970
0.0152 0.01508 7.30103 11.6886758804 2.6273493767   11.690  4.781  3.5412 -0.158    7  0.000  0.387     0.00     0.00     0.00     0.00     0.00 -1    -1e-30      0.00 6.834e-01 3.012e-01 1.711e-03 2.598e-03 5.888e-03 -1.000 1.537e-02 -7.183 -0.913 -2.950 -4.653 -5.986 -7.457 -8.959 -9.805 -10.093
0.0152 0.01508 7.30103 11.6902494431 2.6273505688   11.691  4.811  3.5378 -0.202    7  0.000  0.387     0.00     0.00     0.00     0.00     0.00 -1    -1e-30      0.00 6.833e-01 3.014e-01 1.707e-03 2.605e-03 5.884e-03 -1.000 1.536e-02 -7.258 -0.911 -2.879 -4.562 -5.951 -7.491 -9.045 -9.897 -10.192
0.0152 0.01508 7.30103 11.6935672760 2.6273529530   11.695  4.857  3.5326 -0.269    7  0.000  0.386     0.00     0.00     0.00     0.00     0.00 -1    -1e-30      0.00 6.820e-01 3.026e-01 1.700e-03 2.627e-03 5.868e-03 -1.000 1.535e-02 -7.373 -0.910 -2.757 -4.409 -5.890 -7.535 -9.179 -10.037 -10.342
0.0152 0.01508 7.30103 11.7042331696 2.6273608208   11.705  4.907  3.5275 -0.338    7  0.000  0.387     0.00     0.00     0.00     0.00     0.00 -1    -1e-30      0.00 6.701e-01 3.145e-01 1.668e-03 2.767e-03 5.755e-03 -1.000 1.533e-02 -7.497 -0.916 -2.626 -4.244 -5.828 -7.572 -9.322 -10.186 -10.501
0.0152 0.01508 7.30103 11.7169485092 2.6273701191   11.718  4.913  3.5282 -0.342    7  0.000  0.387     0.00     0.00     0.00     0.00     0.00 -1    -1e-30      0.00 6.479e-01 3.368e-01 1.617e-03 2.995e-03 5.569e-03 -1.000 1.528e-02 -7.513 -0.938 -2.673 -4.299 -5.870 -7.603 -9.336 -10.199 -10.512
#isochrone terminated
