#No    Ref    V       B-V     U-B     N
0025    25   9.470   0.480   0.010    2
0034    25  12.030   0.940   0.620    2
0034   132  11.960   0.920            3
0070   909  10.768   0.704   0.154    2
0081    25  13.590   0.900   0.380    1
0081   124  13.550   0.920   0.350    6
0081   909  13.505   0.879   0.606    1
0081  1043  13.560   0.880   0.390    3
0083   124  14.860   1.050   0.740    7
0083  1043  14.890   0.990   0.710    4
0097    25  12.500   1.080   0.790    2
0097   132  12.650   1.080            1
0097  1051  12.650   1.080   0.870    3
0102    25  10.510   0.710   0.150    2
0102   144  10.520   0.710            1
0102   909  10.540   0.755   0.301    1
0105    25  13.760   0.980   0.480    1
0105  1043  13.780   0.950   0.430    3
0120    25  10.790   0.700   0.190    2
0120   144  10.840   0.700            1
0129    25  11.470   0.880   0.400    2
0133   124  14.330   1.380   1.200    5
0133   132  14.260   1.350            3
0133   304  14.320   1.350            3
0133  1043  14.320   1.380   1.110    3
0134   124  14.410   1.510   1.070    1
0134   144  14.370   1.470            1
0134   496  14.390   1.510            2
0134  1043  14.390   1.550            3
0146   132  14.520   1.410            2
0146   304  14.550   1.410            2
0146  1043  14.600   1.410            2
0152    25  10.750   0.700   0.170    2
0152   144  10.730   0.690            1
0152  1044  10.710   0.680            1
0153    25   7.510   0.150   0.100    2
0157    25   7.900   0.340   0.110    3
0157   909   7.911   0.359   0.131    3
0158     3   8.240   0.235   0.140    2
0158    25   8.230   0.250   0.140    6
0158   457   8.230   0.251            1
0158  1044   8.210   0.260            1
0164    25   9.540   0.480   0.010    2
0164   909   9.556   0.533   0.011    3
0164  1044   9.520   0.500            1
0173    25  10.860   0.850   0.440    2
0173   132  10.890   0.840            4
0173  1044  10.860   0.890            1
0174    25  11.620   0.850   0.430    4
0186    25  10.520   0.800   0.250    2
0186  1043  10.490   0.790   0.290    3
0189   124  14.030   1.360   1.210    4
0189   132  13.960   1.370            4
0189   271  14.020   1.370           26
0189   304  14.000   1.370            4
0189  1043  14.000   1.360   1.180    3
0191   124  14.600   1.420   1.270    5
0191   132  14.500   1.350            1
0191   271  14.500   1.430           20
0191   304  14.530   1.350            1
0191  1043  14.390   1.460   1.120    3
0193    25  11.290   0.810   0.360    4
0193   144  11.300   0.790            1
0212   124  14.385   1.400   1.130    1
0212   132  14.300   1.370            1
0232     3   8.050   0.197   0.150    2
0232    25   8.060   0.200   0.150    6
0232   457   8.050   0.209            1
0233    25   9.660   0.520   0.010    3
0233   909   9.691   0.547   0.062    1
0248    25  11.020   0.770   0.250    2
0248   144  11.020   0.770            1
0248   909  11.021   0.796   0.232    1
0248  1044  11.010   0.790            1
0250    25  10.680   0.680   0.140    3
0250   144  10.700   0.670            1
0250  1044  10.720   0.700            1
0250  2032  10.690   0.670   0.150   13
0253    25  10.660   0.680   0.140    2
0257    25  12.510   0.810   0.300    2
0257  1043  12.600   0.800   0.330    3
0263    25  11.540   0.880   0.420    4
0263   144  11.630   0.880            1
0293    25  10.800   0.700   0.160    3
0293   144  10.790   0.700            1
0293  1044  10.780   0.730            1
0296    25  11.460   0.840   0.450    1
0296   132  11.540   0.840            3
0296   312  11.360   0.830            1
0296   909  11.512   0.913   0.430    2
0298    25  10.860   0.880   0.470    2
0303    25  10.480   0.890   0.350    2
0303   144  10.480   0.880            1
0303  1044  10.490   0.910            1
0314    25  10.560   0.640   0.100    3
0314  1044  10.600   0.660            1
0316  1387   8.850   1.710   1.990    3
0320    25  11.040   0.880   0.440    3
0320  1044  11.020   0.900            1
0324   124  13.000   1.070   0.780   11
0324   132  12.990   1.050            2
0324   144  12.870   1.060            1
0324   359  12.910   1.080            1
0324   442  12.960   1.040            2
0324  1051  13.120   1.020   0.790    4
0324  2032  12.900   1.110   0.750   13
0335   124  13.760   1.280   1.080    4
0335   132  13.770   1.260            2
0335  1043  13.780   1.250   1.080    3
0335  2032  13.650   1.310   0.600   15
0338     3   9.060   0.458   0.100    2
0338    25   9.070   0.460   0.100    4
0338   457   9.080   0.459            1
0338  1044   9.040   0.480            1
0344     3   8.160   0.265   0.090    2
0344    25   8.170   0.270   0.090    4
0345    25  11.570   0.840   0.380    2
0345   124  11.650   0.850   0.360    4
0345  2032  11.400   0.830   0.330   12
0347   124  13.980   1.440   1.110    9
0347   132  14.000   1.410            1
0347   271  14.050   1.440           36
0347  1051  14.040   1.410            2
0347  1051  14.040   1.410            2
0357    25  13.460   1.440   0.690    1
0357   132  13.270   1.190            4
0357   304  13.320   1.190            4
0357   312  13.340   1.220            2
0357  1043  13.520   1.280   1.150    4
0380   132  13.330   1.210            1
0405     3   9.820   0.537   0.050    2
0405    25   9.830   0.540   0.050    4
0430    25  11.400   0.850   0.340    2
0430   124  11.450   0.810   0.390    2
0430   132  11.400   0.800            1
0430   312  11.370   0.820            1
0447     3   5.450  -0.046  -0.330    6
0447    25   5.460  -0.040  -0.330    8
0447   186   5.460  -0.040  -0.360    2
0447   262   5.450  -0.040  -0.310    2
0447   457   5.450  -0.048            1
0447  1091   5.460  -0.040  -0.330    8
0451   124  13.490   1.230   1.110    6
0451   132  13.430   1.210            4
0451   304  13.440   1.190            2
0451  1043  13.360   1.190   1.040    3
0468     3   3.690  -0.107  -0.410    3
0468    25   3.710  -0.110  -0.410    3
0468    29   3.690  -0.110  -0.410    3
0468   262   3.700  -0.110  -0.400    2
0468   871   3.730  -0.106            3
0468  1091   3.700  -0.120  -0.400    6
0468  1136          -0.103  -0.421    3
0470    25   8.950   0.390   0.010    3
0470   909   8.957   0.412  -0.018    5
0470  1044   8.860   0.400            1
0476    25  10.810   0.800   0.270    2
0476   312  10.780   0.800            1
0476  1044  10.800   0.840            1
0489     3  10.370   0.627   0.130    2
0489    25  10.390   0.630   0.130    4
0489   144  10.420   0.620            1
0513    25  13.760   1.300   1.390    1
0513   124  13.840   1.310   1.150    3
0513   271  13.770   1.320           40
0514    25  10.690   0.690   0.170    3
0514   144  10.730   0.700            1
0514  1044  10.730   0.710            1
0522    25  11.930   0.940   0.610    2
0522   124  11.970   0.920   0.630    4
0522   132  11.970   0.900            1
0530    25   8.950   0.390   0.020    3
0530   909   8.978   0.384  -0.011    3
0531     3   8.570   0.331   0.160    2
0531    25   8.580   0.340   0.160    4
0541     3   5.640  -0.075  -0.360    6
0541    25   5.650  -0.070  -0.360    8
0541   268   4.760  -0.080  -0.310
0541  1091   5.650  -0.070  -0.360    8
0559   132  13.330   1.110            1
0563     3   4.290  -0.106  -0.460    4
0563    25   4.310  -0.110  -0.460    4
0563   262   4.290  -0.110  -0.440    2
0563   268   4.390  -0.120  -0.390    1
0563   457   4.290  -0.115            1
0563   574   4.290  -0.120  -0.480    2
0563   871   4.300  -0.101            3
0563  1091   4.300  -0.110  -0.460    7
0563  1136          -0.091  -0.465    2
0571    25  11.200   0.780   0.300    3
0571   132  11.260   0.780            1
0590   132  14.370   1.360            1
0590  1051  14.340   1.370            2
0605     3   8.980   0.439   0.080    2
0605    25   8.990   0.440   0.080    4
0624   132  15.280   1.530            2
0624   304  15.270   1.520            1
0625    25  12.570   1.100   0.760    1
0625   132  12.690   1.190            3
0625  2032  12.610   1.200   0.690   15
0627    25   9.680   0.500   0.030    3
0627  1044   9.650   0.520            1
0636    25  12.480   1.060   0.780    1
0636   132  12.400   1.020            9
0649   496  11.940   0.950   0.340    2
0652     3   8.020   0.216   0.180    2
0652    25   8.040   0.210   0.180    4
0659    25  12.130   0.950   0.390    2
0659   132  12.040   0.940            2
0676    25  13.560   1.300   1.260    1
0676   124  13.710   1.310   1.240    6
0676   132  13.640   1.300            2
0676   909  13.936   1.925            1
0686   359  13.670   1.720            1
0686  1051  13.380   1.270            1
0686  2032  13.400   1.000   0.320   15
0697     3   8.580   0.352   0.110    2
0697    25   8.600   0.350   0.110    4
0708     3  10.120   0.602   0.130    2
0708    25  10.130   0.620   0.130    4
0708   909  10.158   0.616   0.054   19
0717     3   7.160   0.159   0.080    3
0717    25   7.180   0.160   0.080    7
0727     3   9.700   0.548   0.050    2
0727    25   9.700   0.550   0.050    4
0727  1044   9.710   0.560            1
0738    25  12.260   1.160   0.720    1
0738   132  12.300   1.170            2
0738   909  12.359   1.193   0.792    1
0738  2032  12.280   1.170   0.670   17
0739    25   9.560   0.620   0.060    3
0739   132   9.570   0.620            2
0739  1044   9.480   0.630            1
0739  2032   9.440   0.610   0.050   14
0740   132  13.400   1.060            1
0740  1043  13.450   1.080   0.950    3
0745     3   9.430   0.520   0.110    2
0745    25   9.450   0.520   0.110    4
0745  1044   9.460   0.530            1
0746    25  11.270   0.920   0.230    2
0746   132  11.300   0.770            1
0761    25  10.550   0.670   0.170    2
0761  1044  10.560   0.710            1
0762   124  14.330   1.420   1.370   18
0762   132  14.230   1.400            1
0762   442  14.330   1.400            3
0785     3   3.860  -0.068  -0.400    4
0785    25   3.880  -0.070  -0.400    4
0785   262   3.870  -0.070  -0.380    2
0785   871   3.910  -0.078            2
0785  1091   3.870  -0.070  -0.400    7
0785  1136          -0.069  -0.420    4
0793   124  14.305   1.400   1.470    8
0793   132  14.270   1.470            3
0793   304  14.310   1.470            3
0793  1043  14.320   1.330   1.120    3
0799   124  13.710   1.310   1.070    3
0799   132  13.660   1.340            3
0799   304  13.700   1.340            3
0799  1043  13.610   1.330   1.200    5
0801    25   6.850   0.040   0.010    2
0801   909   6.838   0.052   0.022    5
0803   496  11.970   1.420   1.130    2
0804     3   7.840   0.192   0.160    2
0804    25   7.850   0.200   0.160    4
0804   909   7.845   0.182   0.201   20
0817     3   5.750  -0.044  -0.230    3
0817    25   5.760  -0.040  -0.230    5
0817   574   5.770  -0.040  -0.280    2
0817   909   5.773  -0.022  -0.230   28
0817  1091   5.760  -0.040  -0.230    5
0859     3   6.410  -0.028  -0.150    3
0859    25   6.430  -0.020  -0.150    7
0859   909   6.430  -0.015  -0.134   33
0859  1091   6.430  -0.020  -0.150    7
0865    25  16.010   1.050            2
0870   132  12.610   1.250            1
0879   124  12.820   1.080   0.970    9
0879   132  12.790   1.070            2
0879   442  12.760   1.060            2
0882    25  12.660   1.070   0.730    1
0882   132  12.950   1.070            2
0882  2032  12.550   1.060   0.700   16
0883   124  13.050   1.150   1.060    9
0883   132  13.050   1.080            2
0883   442  13.020   1.120            2
0885    25  12.050   1.010   0.840    2
0885   132  12.080   1.020            1
0906   132  15.200   1.520            1
0915    25  13.620   1.230            1
0915   132  13.790   1.230            1
0916    25  11.710   0.870   0.480    2
0916   909  11.620   0.869   0.412   24
0923    25  10.120   0.620   0.090    3
0923   132  10.160   0.610            2
0930   124  14.230   1.340   0.850    8
0930   442  14.220   1.370            2
0945    25  13.290   1.060   0.970    1
0945   132  13.320   1.020            1
0948    25   8.660   0.600   0.100    2
0948   909   8.685   0.594   0.067    5
0956    25   7.960   0.320   0.070    2
0974   124  13.860   1.320   1.225   10
0974   132  13.960   1.340            1
0974   442  13.950   1.340            2
0975    25  10.560   0.810   0.290    2
0975   312  10.580   0.840            1
0980     3   4.160  -0.056  -0.430    3
0980    25   4.180  -0.060  -0.430    3
0980    29   4.180  -0.060  -0.410    3
0980   262   4.180  -0.060  -0.410    2
0980   871   4.180  -0.046            2
0980  1091   4.180  -0.060  -0.420    6
0992   496  12.260   0.970   0.480    2
0995   345  10.040   0.870   0.530    1
0996     3  10.420   0.640   0.150    2
0996    25  10.420   0.640   0.150    4
0996   144  10.420   0.630            1
0996   909  10.453   0.646   0.107   39
0996  1044  10.400   0.670            1
1008   345  10.040   1.810   2.170    1
1015    25  10.540   0.650   0.120    2
1015   144  10.540   0.650            1
1015   345  10.550   0.650   0.100    1
1021   496  10.360   1.280   1.030    2
1028     3   7.340   0.097   0.120    2
1028    25   7.350   0.100   0.120    6
1028   457   7.350   0.110            1
1028  1044   7.400   0.110            1
1029   132  14.340   1.390            1
1029  1051  14.210   1.520            1
1032    25  11.340   0.860   0.380    2
1032   312  11.100   0.750            1
1039   132  12.960   1.220            2
1039   359  13.130   1.300            1
1039  1051  13.070   1.230   0.790    2
1039  2032  13.040   1.200   0.840   16
1061   124  14.280   1.420   1.240    5
1061   132  14.210   1.390            2
1061   304  14.230   1.390            2
1061  1043  14.190   1.300   1.160    4
1081   132  14.610   1.420            1
1084     3   8.090   0.353   0.280    3
1084    25   8.110   0.360   0.290   13
1084   244   8.140   0.360   0.240    2
1084   457   8.140   0.363            1
1084  1042   8.110   0.350   0.300    5
1084  1044   8.160   0.370   0.290    1
1088   496  13.070   0.840   0.230    2
1095    25  11.920   0.880   0.710    2
1095   144  11.830   0.920            1
1100    25  12.160   1.150   1.150    1
1100   132  12.250   1.100            3
1100  1051  12.130   1.170   0.860    2
1101    25  10.260   0.610   0.080    3
1101   144  10.250   0.610            1
1101   345  10.290   0.610   0.060    1
1103   132  14.770   1.480            1
1110   132  13.290   1.190            2
1110  1043  13.410   1.230   1.110    2
1114   124  14.080   1.380   1.210   10
1114   132  14.100   1.390            1
1114   442  14.100   1.420            2
1117     3  10.200   0.724   0.310    2
1117    25  10.200   0.730   0.310    4
1117   457  10.200   0.733            1
1117   496  10.220   0.710   0.190    2
1122     3   9.280   0.457   0.030    2
1122    25   9.290   0.460   0.030    4
1122   909   9.337   0.470  -0.057    4
1124    25  12.120   0.920   0.510    3
1124   132  12.320   0.980            3
1132    25   9.420   0.490   0.030    2
1136    25  12.020   0.990   0.540    2
1136   132  12.180   1.000            1
1139    25   9.380   0.480            2
1163   496  13.140   0.780   0.160    2
1173   124  15.210   1.510   0.910   11
1173   132  15.110   1.490            4
1173   304  15.130   1.520            3
1173   312  15.100   1.560            4
1173   442  15.230   1.480            1
1182    25  10.460   0.640   0.100    2
1184   345  10.620   0.340   0.280    1
1200    25   9.900   0.540   0.050    2
1207    25  10.470   0.620   0.090    2
1207   144  10.510   0.640            1
1215     3  10.520   0.638   0.160    2
1215    25  10.520   0.650   0.160    6
1215   132  10.550   0.620            3
1220    25  11.740   0.880   0.540    1
1234     3   6.800   0.025  -0.070    3
1234    25   6.820   0.020  -0.070   15
1234    50   6.820   0.021  -0.073    1
1234   457   6.830   0.013            1
1266    25   8.280   0.360   0.120    1
1266   345   8.300   0.380   0.120    1
1275    25  11.470   0.840   0.430    2
1275   312  11.450   0.830            2
1280   124  14.550   1.370   1.110    7
1280   442  14.580   1.350            2
1284     3   8.380   0.294   0.080    2
1284    25   8.370   0.300   0.080    6
1284   457   8.370   0.293            1
1286   132  15.350   1.680            3
1286   304  15.340   1.680            3
1298    25  12.180   1.020   0.780    2
1298   132  12.330   1.000            2
1305    25  13.460   1.180   1.100    1
1305   132  13.520   1.190            5
1305   304  13.650   1.190            2
1305   312  13.550   1.200            2
1306    25  13.390   1.350   1.180    2
1306   124  13.505   1.350   1.170    4
1306   132  13.400   1.310            3
1306   304  13.450   1.310            3
1306  1043  13.360   1.340   1.150    3
1309     3   9.440   0.468   0.020    2
1309    25   9.460   0.470   0.020    4
1309   909   9.476   0.477  -0.039   20
1321   124  15.330   1.560   1.050   10
1321   132  15.220   1.450            2
1321   304  15.270   1.450            2
1321   312  15.220   1.470            2
1321   442  15.250   1.630            2
1331   345   9.000   1.250   1.160    1
1332    25  12.410   1.040   0.860    2
1332   132  12.530   1.020            2
1332  1043  12.460   1.040   0.790    3
1338    25   8.690   0.460   0.030    2
1348    25  12.610   1.180   1.000    3
1348   132  12.700   1.150            3
1348   304  12.750   1.150            1
1348  1043  12.640   1.170   1.050    3
1355    25  13.970   1.230            1
1355   132  14.020   1.400            2
1355   304  14.070   1.400            2
1357   186   7.000   0.500   0.090    2
1362    25   8.250   0.260   0.100    2
1375    25   6.290   0.020  -0.020    2
1380     3   6.980   0.030   0.050    2
1380    25   6.990   0.030   0.050    6
1384     3   7.640   0.206   0.120    3
1384    25   7.660   0.210   0.120    7
1384   186   7.680   0.220   0.100    2
1391   496  10.940   0.610   0.160    2
1397     3   7.260   0.035   0.050    2
1397    25   7.260   0.050   0.040    3
1397  1044   7.240   0.070            1
1404   186   8.730   0.180  -0.060    2
1407    25   8.130   0.250   0.130    4
1420   496  10.440   1.380   1.120    2
1425     3   7.760   0.153   0.120    4
1425    25   7.770   0.150   0.120    8
1425   457   7.750   0.165            1
1431     3   6.800   0.063   0.020    3
1431    25   6.810   0.060   0.020    7
1431   909   6.831   0.066   0.037   13
1431  1044   6.830   0.070            1
1432     3   2.860  -0.090  -0.330    3
1432    25   2.870  -0.090  -0.340   20
1432    29   2.860  -0.090  -0.360    3
1432   457   2.870  -0.090            1
1432   871   2.900  -0.090            2
1432  1091   2.870  -0.090  -0.350    9
1432  1136          -0.064  -0.397    2
1432  1281   2.870  -0.070  -0.320    3
1440    25  15.640   1.010  -0.060    1
1454    25  12.780   1.160   0.940    1
1454   132  12.860   1.080            1
1454   359  12.880   1.120            1
1454  1043  12.870   1.120   0.890    3
1485   124  14.230   1.350   1.130   13
1485   132  14.210   1.320            1
1485   442  14.230   1.390            2
1491    25  16.420   0.600   0.250    1
1498     3   7.680   1.240   1.100    1
1498    25   7.720   1.230   1.120    3
1498   457   7.730   1.225            1
1512    25  13.500   1.370   1.060    1
1512   132  13.510   1.260            1
1514    25  10.480   0.640   0.120    2
1514   144  10.530   0.660            1
1514   909  10.558   0.664   0.094    8
1514  1044  10.480   0.660            1
1516    25  14.020   1.310   1.020    1
1516   124  13.870   1.270   1.040    5
1516   132  13.970   1.340            1
1516   909  13.670   0.363            1
1531    25  13.300   1.150            1
1531  1043  13.410   1.220   1.050    3
1532    25  13.950   1.260   1.150    1
1532   124  13.900   1.290   0.980    1
1532   132  13.990   1.270            1
1532  2032  13.920   1.300   0.910   16
1549     3   8.770   1.170   0.810    1
1549    25   8.790   1.150   0.810    4
1549    50   8.800   1.150   0.830    1
1549   457   8.780   1.148            1
1553    25  12.220   1.060   0.850    3
1553   132  12.490   1.090            1
1553  1051  12.350   1.130   0.760    2
1553  1051  12.350   1.130   0.760    2
1593    25  11.120   0.750   0.300    3
1593   124  11.110   0.760   0.300    2
1593   144  11.150   0.770            1
1613     3   9.860   0.540   0.110    2
1613    25   9.880   0.540   0.110    4
1628    25  13.450   0.810   0.290    1
1630   345  10.510   1.260   1.190    1
1645    25  11.330   0.710   0.430    3
1653   124  13.550   1.200   0.990    8
1653   132  13.500   1.210            2
1653   271  13.610   1.230           49
1653   304  13.490   1.210            2
1653  1043  13.690   1.280   1.050    3
1653  2032  13.340   1.190   1.010   11
1705     3   6.430   1.702   2.000    3
1705    25   6.460   1.700   2.070   21
1705    50   6.460   1.701   2.074    1
1705   457   6.440   1.703            1
1712    25  14.360   1.010   0.470    1
1726     3   9.240   0.548   0.120    2
1726    25   9.250   0.550   0.120    4
1726   457   9.280   0.514            1
1726  1387   9.290   0.540   0.030    3
1756   124  14.110   1.370   1.230   11
1756   132  14.100   1.370            1
1756   442  14.200   1.370            2
1762     3   8.250   0.361   0.110    3
1762    25   8.270   0.360   0.110    5
1766     3   9.120   0.470   0.070    2
1766    25   9.130   0.470   0.070    4
1766   345   9.150   0.470   0.020    1
1776    25  10.910   0.720   0.220    2
1776   132  10.940   0.720            4
1776   345  10.950   0.720   0.210    1
1776  1044  10.880   0.730            1
1785   124  14.290   1.400   1.310   10
1785   442  14.540   1.540            1
1794    25  10.360   0.640   0.130    2
1794   144  10.400   0.620            1
1797     3  10.090   0.558   0.070    2
1797    25  10.110   0.560   0.070    2
1823     3   5.440  -0.072  -0.320    7
1823    25   5.450  -0.070  -0.320    9
1823  1091   5.450  -0.070  -0.320    9
1823  1137   5.440  -0.070            7
1823  1138   5.430  -0.050  -0.310    1
1827   132  14.870   1.470            2
1829   345   8.520   0.820   0.430    1
1856     3  10.020   0.556   0.090    2
1856    25  10.020   0.560   0.090    4
1876     3   6.940   0.125   0.090    4
1876    25   6.950   0.120   0.090    8
1883    25  12.600   1.060   0.710    2
1883   132  12.660   1.030           19
1883  1051  12.640   1.070   0.750    3
1883  1051  12.640   1.070   0.750    3
1912    25   9.050   0.490   0.020    2
1924     3  10.340   0.614   0.130    2
1924    25  10.330   0.620   0.130    4
1924   144  10.330   0.610            1
1993     3   8.360   0.284   0.130    2
1993    25   8.370   0.290   0.130    4
1993  1044   8.390   0.260            1
2016    25  13.520   1.220   1.150    1
2016   132  13.550   1.220            3
2016   304  13.610   1.220            3
2027    25  10.910   0.860   0.500    2
2027   132  10.940   0.860            2
2027   144  10.920   0.850            1
2027   312  10.890   0.850            2
2034    25  12.570   0.990   0.640    1
2034   132  12.650   0.960            3
2034  1051  12.510   1.040   0.350    2
2034  1051  12.510   1.040   0.350    2
2082    25  13.980   1.330   1.260    1
2082   132  13.910   1.350            1
2082   304  13.970   1.350            1
2087   186   6.470   0.420   0.040    2
2106    25  11.530   0.860   0.460    2
2106   144  11.540   0.870            1
2126    25  11.640   0.860   0.480    2
2126   132  11.710   0.850            2
2144   132  15.310   1.450            1
2147    25  10.830   0.800   0.340    2
2147  1044  10.870   0.820            1
2168     3   3.620  -0.085  -0.360    4
2168    25   3.640  -0.080  -0.360    4
2168   230   3.620  -0.080  -0.360    1
2168   871   3.650  -0.095            2
2168  1091   3.620  -0.090  -0.360    7
2168  1136          -0.075  -0.409    2
2172    25  10.440   0.620   0.090    2
2172   144  10.440   0.620            1
2181     3   5.080  -0.078  -0.280    6
2181    25   5.090  -0.080  -0.280    8
2181   230   5.000  -0.080  -0.280    1
2181   574   5.060  -0.080  -0.400    6
2181  1062   5.255  -0.035  -0.206    1
2181  1091   5.090  -0.080  -0.280    8
2181  1123   5.160  -0.020  -0.140    2
2193   132  14.230   1.370            1
2193  1051  14.180   1.470            1
2193  1051  14.180   1.470            1
2195     3   8.110   0.220   0.130    1
2195    25   8.120   0.220   0.100    8
2199    25  14.310   1.130            1
2199  1043  14.380   1.080            1
2208   124  14.420   1.370   1.180   13
2208   132  14.420   1.360            9
2208   304  14.460   1.360            6
2208   442  14.590   1.470            2
2209    25  14.380   1.470            1
2209   132  14.480   1.370            1
2220     3   7.510   0.097   0.110    2
2220    25   7.520   0.100   0.110    6
2244    25  12.670   1.040   0.620    2
2244   132  12.580   0.990            6
2244   304  12.630   0.990            3
2244  2032  12.570   1.030   0.660   12
2263     3   6.590  -0.028  -0.120    3
2263    25   6.600  -0.030  -0.120    7
2263   566   6.620  -0.030  -0.120    2
2278    25  10.830   0.860   0.460    2
2278   132  10.960   0.870            1
2278   312  10.920   0.880            1
2284    25  11.350   0.780   0.380    3
2287    25  15.720   1.150   0.980    1
2289     3   7.960   0.175   0.130    3
2289    25   7.970   0.180   0.130    7
2311    25  11.360   0.830   0.390    1
2311   312  11.350   0.820            1
2341    25  10.870   0.710   0.240    2
2341   144  10.930   0.720            1
2345     3   9.080   0.434   0.020    2
2345    25   9.100   0.440   0.020    4
2366    25  11.530   0.820   0.360    2
2366   144  11.490   0.820            1
2368  1051  14.020   1.340            1
2406    25  11.100   0.760   0.260    3
2407    25  12.290   1.100   0.960    2
2407   132  12.190   0.950            1
2407  1043  12.280   0.980   0.680    3
2411   304  14.190   1.640            3
2411  1043  14.180   1.590   1.040    4
2415    25   8.100   0.220   0.130    6
2425     3   6.160  -0.052  -0.190    2
2425    25   6.170  -0.050  -0.190    4
2425  1091   6.170  -0.050  -0.190    4
2462    25  11.550   0.830   0.460    1
2462   312  11.490   0.840            1
2484     3   9.140   0.162   0.150    2
2484    25   9.160   0.160   0.150    2
2484    50   9.170   0.169   0.140    1
2484   487   9.159   0.164   0.132    4
2488     3   7.530   0.077   0.080    3
2488    25   7.540   0.080   0.080    7
2506    25  10.230   0.600   0.080    2
2507    25   6.740   0.060  -0.060    2
2548   132  14.020   1.330            1
2548   271  14.040   1.350            8
2588    25  13.100   1.220   0.940    2
2588   124  13.250   1.160   0.985    3
2588   132  13.360   1.180            5
2588   271  13.220   1.170            9
2591  1051  13.279   1.233   0.924    1
2601   132  15.010   1.530            5
2601   304  14.960   1.500            2
2601   312  14.970   1.580            1
2601  1043  15.090   1.560            3
2602   132  15.490   1.630            2
2602   304  15.490   1.630            2
2644    25  11.030   0.730   0.250    2
2644   124  11.070   0.740   0.270    4
2644   144  11.090   0.770            1
2655   132  15.460   1.290            1
2665    25  11.360   0.830   0.440    1
2690     3   7.410   0.134   0.120    3
2690    25   7.420   0.130   0.120    7
2741    25  12.600   1.000   0.800    1
2741   132  12.650   1.010            3
2741   304  12.690   1.010            1
2786    25  10.310   0.600   0.070    2
2866     3   6.920   0.086   0.030    2
2866    25   6.930   0.090   0.030    6
2870    25  12.450   1.070   0.890    3
2870   132  12.510   1.010            1
2880    25  11.750   0.860   0.370    2
2881    25  11.480   0.950   0.560    2
2881   132  11.570   0.960            2
2881   312  11.560   0.980            1
2908   132  13.450   1.130            2
2908  1043  13.410   1.150   0.920    3
2927    25  13.920   1.250   1.050    1
2927   132  13.970   1.260            2
2927   271  13.870   1.250           10
2927  1051  13.800   1.340            1
2940   132  13.980   1.320            1
2966   132  14.860   1.500            3
2966   304  14.900   1.500            3
2984    25  12.370   1.000   0.850    1
2984   132  12.410   1.000            1
3010   186   6.790   0.160   0.140    2
3019    25  13.450   1.190   0.970    1
3019   132  13.530   1.210            4
3030    25  13.960   1.400   1.160    1
3030   132  14.080   1.380            2
3030   144  14.030   1.390            1
3030  1043  14.020   1.350   1.180    3
3031     3   8.810   0.384   0.050    2
3031    25   8.830   0.380   0.050    4
3034    25  11.760   0.460   0.090    3
3063    25  13.520   1.170   1.000    1
3063   132  13.540   1.170            3
3063   304  13.600   1.170            3
3063  1043  13.440   1.160   0.880    3
3063  2032  13.460   1.240   1.030   13
3065  1051  12.970   1.390            2
3069    25  13.850   1.120   0.960    1
3096    25  12.150   1.000   0.660    2
3096   132  12.090   0.930            1
3097    25  10.970   0.740   0.250    2
3104    25  13.410   1.290   1.100    1
3104   132  13.470   1.270            3
3122    25  11.920   0.730   0.190    1
3163    25  12.690   0.980   0.640    1
3163   132  12.770   1.010            3
3179    25  10.040   0.560   0.050    2
3187    25  13.120   1.160   1.040    1
3187   132  13.150   1.160            1
3187   271  13.180   1.200           48
3197    25  12.260   1.100   0.890    3
3197   132  12.100   1.070            1
3197  1051  12.040   1.150   0.730    2
3241    25  13.780   0.570   0.060    3
3301    25   9.550   0.510   0.010    2
3302    25   8.840   0.360   0.020    2
3303    25   9.190   0.500            2
3303  1044   9.230   0.530            1
3304    25   6.700          -0.010    2
3305    25   7.090   0.040   0.030    2
3306    25   6.510   0.150   0.180    2
3306  1387   6.500   0.160   0.180    3
3307    25   7.260   0.080   0.020    2
3308    25   7.800   0.350   0.040    3
3309    25   9.160   0.440   0.010    2
3310    25   9.150   0.460   0.020    3
3311    25   9.830   0.540   0.030    2
3312    25   8.580   0.470            4
3313    25   9.840   0.570   0.040    2
3314    25   9.490   0.490   0.020    2
3315    25   9.110   0.480   0.130    2
3315  1044   9.130   0.500            1
3316    25   7.730   0.180   0.130    2
3317    25   7.810   0.190   0.150    3
3318    25   8.020   0.220   0.120    2
3318   720   8.050   0.220   0.130    3
3319    25   8.700   0.360   0.120    2
3320    25   8.300   0.260   0.140    3
3321    25   8.410   0.380  -0.010    2
3321  1044   8.400   0.400            1
3322    25   7.720   0.180   0.120    3
3323    25   7.000   0.030  -0.020    4
3324    25   9.550   0.520   0.060    2
3325    25   6.070  -0.010  -0.320    2
3325  1091   6.070  -0.010  -0.320    2
3326    25   9.640   0.500   0.010    3
3327    25   9.410   0.530   0.090    2
3328    25   7.640   0.160   0.130   10
3329    25   9.440   0.480  -0.020    1
3329   851   9.440   0.480  -0.020    1
3329  1044   9.450   0.480  -0.020    1
3330    25   6.360   0.120   0.150    2
3330   686   6.340   0.120   0.160    2
3331    25   9.080   0.540   0.120    2
3332    25   9.070   0.430  -0.030    2
3333    25  10.470   0.670   0.160    2
3334    25   8.330   0.260   0.120    3
3334  1044   8.340   0.280            1
3335    25   7.190   0.040  -0.010    2
4011   124  15.650   1.130   0.800   14
4072   124  17.820   0.990   0.320   16
4183   124  16.590   0.990   0.560   12
4185   124  17.640   0.890   0.800    4
4189   124  16.500   1.920   1.350   12
4210   124  16.130   1.500   0.320    4
4242   124  18.420   1.160   0.360   11
4260   124  16.960   0.670   0.120    5
4307   124  17.225   1.820   1.800   11
4308   124  17.880   0.910   0.880   15
4311   124  16.260   1.700   2.300    5
4311   312  16.240   1.530            1
4330   124  18.180   0.280  -0.200   10
4331   124  18.720   1.840           29
4334   124  17.080   0.720   0.040   21
5715   124  15.080   0.950   0.440    5
5728   124  16.105   1.520   1.470    7
5728   312  16.090   1.460            2
5928   124  13.770   1.030   0.580    2
5929   124  16.260   1.700   0.990    5
5929   312  16.160   1.560            2
6083   124  16.945   0.800   0.410    8
6381   124  15.340   1.540   1.320    6
7145   359  14.410   1.420            1
7490   359  14.510   1.430            1
7671   359  14.370   1.460            1
7709   359  14.610   1.490            1
7769   359  14.280   1.090            1
7775   359  14.320   1.420            1
8437   359  14.640   1.470            1
9003   124  15.830   1.640   1.310   14
9003   132  15.700   1.450            1
9003   312  15.750   1.600            1
9006   312  18.040   1.600            2
9010   132  15.390   1.490            1
9018   132  14.980   1.550            1
9023   132  17.020   1.790              
9023   304  17.020   1.790            3
9023   312  17.090   1.680            2
9029   312  16.680   1.670            1
9035   132  14.240   1.460            2
9036   132  15.950   1.500            2
9040   312  16.370   1.600            2
9041   132  15.420   1.630            1
9041   312  15.430   1.570            2
9061   132  14.260   1.340            1
9069   312  16.150   1.640            1
9071   132  15.430   1.420            1
9078   132  15.300   1.470            1
9083   132  15.250   1.570            1
9086   132  15.470   1.590            1
9086   312  15.390   1.500            1
9087   132  14.570   1.440            1
9090   312  16.580   1.520            3
9092   132  16.260   1.480            1
9092   312  16.260   1.480            1
9095   132  14.840   1.430              
9099   132  14.630   1.500            1
9102   312  17.170   1.550            1
9105   132  15.750   1.500            1
9105   312  15.730   1.450            1
9108   132  13.290   1.310            2
9115   132  15.440   1.490            2
9117   312  17.020   1.520            1
9119   312  17.670   1.280            1
9127   132  14.720   1.470            1
9139   312  16.550   1.570            1
9143   312  16.200   1.650            3
9150   132  15.620   1.510            1
9154   312  16.160   1.690            2
9156   132  16.010   1.590            2
9173   312  15.160   1.560            1
9174   312  17.600   1.610            2
9179   312  16.660   1.510            2
9180   312  16.350   1.560            1
9196   312  16.180   1.570            1
9197   132  15.270   1.490            1
9201   132  16.920   1.760            1
9207   312  16.610   1.630            3
9213   312  16.570   1.580            1
9214   132  17.540   1.970            1
9256   132  14.480   1.410            2
9267   312  16.190   1.650            1
9289   132  14.450   1.410            2
9303   312  16.140   1.500            1
9308   132  14.230   1.370            2
9320   312  17.070   1.130            1
9323   312  16.870   1.560            1
9325   132  17.810   1.540            1
9326   312  16.800   1.650            1
9337   132  14.540   1.390            1
9339   132  13.970   1.350            1
9346   312  16.790   1.570            1
9363   312  15.780   1.350            1
9369   132  16.830   1.670            1
9369   312  16.830   1.670            1
9396   312  16.990   1.540            1
9398   359  12.960   1.150            1
9400   312  15.420   1.550            3
9412   132  13.800   1.310            1
9414   312  16.170   0.780            1
9461   359  14.800   1.240            1
9477   132  17.930   1.060            1
9555   359  13.010   1.180            1
9571   359  13.040   1.330            1
